condition_id,fold,label,idx_in_session,state_label,true_policy_operator,true_policy_source,true_policy_reward,balanced_pool_shuffle_reward,frequency_matched_random_reward,performance_matched_random_reward,within_state_shuffle_reward,oracle_reward
b6i_064,0,P10,56.0,side=B_side|dphi=low,O6_phase_only,state_mapping,1.070724502337538,0.9995698040739773,0.7183740701837817,0.4777686834745549,0.6522117836882743,1.1688710872468095
b6i_064,0,P10,64.0,side=A_side|dphi=mid,O3_A_C_boundary,state_mapping,,,0.1186534990491117,0.9492650041883183,0.26744592134931094,0.9492650041883183
b6i_064,0,P10,101.0,side=B_side|dphi=mid,O2_lag5_AB,state_mapping,-1.678485793725643,-0.7360402566492769,0.08460158168422088,-0.7809186155576763,-0.4960394593551325,0.8913751401012282
b6i_064,0,P10,106.0,side=A_side|dphi=mid,O3_A_C_boundary,state_mapping,1.2969297062136353,1.2969297062136327,0.40108014912742024,0.3863543668757148,-0.12273240064626804,1.4070710696338369
b6i_064,0,P10,132.0,side=A_side|dphi=high,O3_A_C_boundary,state_mapping,0.933620407404604,0.9336204074046083,0.6224632961045696,0.7041264547493814,0.5165150002750418,1.3255518478442119
b6i_064,0,P10,137.0,side=B_side|dphi=mid,O2_lag5_AB,state_mapping,-1.6070608663330626,-1.1543279378363511,-1.131671947899349,-1.1304998889681035,-1.2182881379737471,-0.6539389116031444
b6i_064,0,P10,175.0,side=B_side|dphi=low,O6_phase_only,state_mapping,0.7418091323384253,0.731304660100642,0.40305994783051613,0.6610054997400685,0.1880987746951109,1.3043430182787044
b6i_064,0,P10,191.0,side=A_side|dphi=low,O3_A_C_boundary,state_mapping,,,0.2718199116877097,1.5159903798231351,0.5232361670696745,1.5159903798231351
b6i_064,0,P10,228.0,side=B_side|dphi=low,O6_phase_only,state_mapping,0.7628037304234748,0.6696807953828232,-0.06837916425909281,-0.013220728248617974,-0.13895613492278802,0.9999489834961277
b6i_064,0,P10,252.0,side=B_side|dphi=mid,O2_lag5_AB,state_mapping,0.5928268973584189,0.6310086068543604,-0.34661359326713237,0.6269177094083662,-0.05050150204498383,0.959892794903567
b6i_064,0,P10,268.0,side=A_side|dphi=high,O3_A_C_boundary,state_mapping,0.04646979403371336,0.0464697940337135,0.048637459648434495,-0.25304372360511657,-0.2697606975850212,0.6428243465332251
b6i_064,0,P10,289.0,side=A_side|dphi=low,O3_A_C_boundary,state_mapping,-0.426677199764095,-0.4266771997640958,0.45679177265588433,-0.07519928957106092,0.7756301013344346,1.7005624448890309
b6i_064,0,P10,299.0,side=B_side|dphi=high,O1_lag0_AB,state_mapping,-1.4033175562510722,-1.470022088767473,-0.19435780943996955,-1.4766192403350353,-0.5364764719234195,1.427632669783384
b6i_064,0,P10,310.0,side=A_side|dphi=high,O3_A_C_boundary,state_mapping,-0.37598287900004407,-0.37598287900004373,0.34176620033391314,-0.017973826809576987,0.5358776518152475,1.1142288673242566
b6i_064,0,P10,314.0,side=B_side|dphi=high,O1_lag0_AB,state_mapping,1.0074194043616007,0.8497798718041636,0.417077220165941,0.8322643681866708,0.10865487866240925,1.2736722838263526
b6i_064,0,P10,321.0,side=B_side|dphi=low,O6_phase_only,state_mapping,-1.5256074608469496,-1.3748265191220848,-0.30544318141667187,-0.15487162698454915,0.0066994176117668395,1.2158642068778514
b6i_064,0,P10,350.0,side=A_side|dphi=mid,O3_A_C_boundary,state_mapping,,,-0.08795089466473613,1.6293354549500985,0.5656925920428361,1.6293354549500985
b6i_064,0,P10,391.0,side=B_side|dphi=high,O1_lag0_AB,state_mapping,0.7034261805893284,0.6934704324454039,0.5780671682827957,0.6909814954094218,0.7819526458804561,1.544326648604876
b6i_064,0,P14,16.0,side=B_side|dphi=low,O6_phase_only,state_mapping,-1.4696218659534837,-1.4696218659534828,-0.9678679038241601,-1.4696218659534837,-1.1454293007418306,-0.10250934289995245
b6i_064,0,P14,59.0,side=B_side|dphi=high,O1_lag0_AB,state_mapping,1.120533162044307,0.5866435122762566,-0.19153106028840622,0.5138403782169761,-0.03368375886077223,1.120533162044307
b6i_064,0,P14,60.0,side=B_side|dphi=high,O1_lag0_AB,state_mapping,1.2477861394373513,0.7285901615098812,-0.09283782668956479,0.49532820041203063,0.0920396988626698,1.2477861394373513
b6i_064,0,P14,74.0,side=B_side|dphi=mid,O2_lag5_AB,state_mapping,-1.7284832429004495,-1.5263113117205807,-1.0922065248372441,-1.5340871552274997,-1.1819219074252834,-0.3711585473627126
b6i_064,0,P14,95.0,side=B_side|dphi=low,O6_phase_only,state_mapping,-1.6795678468039814,-1.629308797105854,-0.04496451481926109,-0.8419170185017765,-0.40837668372270414,1.4152164546630874
b6i_064,0,P14,120.0,side=A_side|dphi=low,O3_A_C_boundary,state_mapping,,,-0.8568153150306423,-0.8359199290613549,-0.9374982374922873,-0.13078778232062893
b6i_064,0,P14,192.0,side=B_side|dphi=mid,O2_lag5_AB,state_mapping,1.6213458518115786,1.2178385379629433,0.3296871440455692,1.2578257492452367,0.35713632394799644,1.6213458518115786
b6i_064,0,P14,210.0,side=A_side|dphi=mid,O3_A_C_boundary,state_mapping,,,-0.14878762995059583,1.4734859766505237,0.20379825671897756,1.4734859766505237
b6i_064,0,P14,254.0,side=B_side|dphi=mid,O2_lag5_AB,state_mapping,-1.664200808247127,-1.2276554602099536,-1.2613112318735393,-1.2403703732595805,-1.1713832923879703,-0.09812237459014257
b6i_064,0,P14,271.0,side=B_side|dphi=high,O1_lag0_AB,state_mapping,1.226577309871844,1.2724441627054193,0.5601151525568961,1.277540479686921,0.7824672489426803,1.6083537052384211
b6i_064,0,P14,283.0,side=B_side|dphi=high,O1_lag0_AB,state_mapping,1.3467606774097192,1.210892458167488,0.9802786760512227,1.219781033258101,0.7594092517933785,1.3467606774097192
b6i_064,0,P14,290.0,side=A_side|dphi=low,O3_A_C_boundary,state_mapping,-0.08871506133708915,-0.08871506133708909,0.09938242387701887,0.15045431720592367,0.3990919147522413,1.3576506761665514
b6i_064,0,P14,301.0,side=B_side|dphi=high,O1_lag0_AB,state_mapping,-1.226577309871844,-0.8044563729815682,0.08225420288625358,-0.6561436113714704,0.019121207385836426,0.8998241935619034
b6i_064,0,P14,308.0,side=A_side|dphi=mid,O3_A_C_boundary,state_mapping,1.0012128350900051,1.0012128350900031,0.6815474981050043,1.0744158603752547,0.5642752603572194,1.147618885660504
b6i_064,0,P14,320.0,side=B_side|dphi=high,O1_lag0_AB,state_mapping,-0.6680781313134828,-0.5823554775428332,-0.4598067043594286,-0.5768838187915153,-0.6726074861061138,0.47587755659446135
b6i_064,0,P14,336.0,side=A_side|dphi=high,O3_A_C_boundary,state_mapping,,,0.9234989070320127,1.650587656536404,1.2432733589543026,1.650587656536404
b6i_064,0,P14,340.0,side=A_side|dphi=high,O3_A_C_boundary,state_mapping,,,0.9641261761784629,1.6151673205592278,1.0503829112758771,1.6151673205592278
b6i_064,0,P14,392.0,side=B_side|dphi=mid,O2_lag5_AB,state_mapping,0.00714249273925803,0.4165200946472309,0.18798630281120482,0.3694235563746314,0.40052327303923324,1.1972073560285506
b6i_064,0,P16,23.0,side=A_side|dphi=mid,O3_A_C_boundary,state_mapping,-0.7984355520338015,-0.7984355520338028,-0.3737684796543237,-0.9694851852494353,-0.610321404185133,0.44088655978604524
b6i_064,0,P16,35.0,side=A_side|dphi=mid,O3_A_C_boundary,state_mapping,-1.2462353854495845,-1.2462353854495816,-0.914858431618252,-1.0091993548760112,-0.7497190781967137,-0.15396038595703165
b6i_064,0,P16,43.0,side=B_side|dphi=mid,O2_lag5_AB,state_mapping,-0.12856486930664493,-0.17657006828354743,-0.42020488896213104,-0.17562878987223624,-0.10284634473980785,0.8607785214870406
b6i_064,0,P16,50.0,side=B_side|dphi=high,O1_lag0_AB,state_mapping,-1.3679695069752267,-0.4426925817865921,-0.6203567820720892,-0.4518537394617266,-0.3435780618730495,0.4642620280517735
b6i_064,0,P16,53.0,side=B_side|dphi=mid,O2_lag5_AB,state_mapping,1.307076171284224,0.31319340144924207,-0.23879086951669298,0.3230338249129552,0.017625375362793093,1.307076171284224
b6i_064,0,P16,66.0,side=A_side|dphi=low,O3_A_C_boundary,state_mapping,-0.6885978570450246,-0.6885978570450237,0.1962013037726114,-0.33721486132707706,-0.02806570316500558,1.459874435092425
b6i_064,0,P16,90.0,side=A_side|dphi=low,O3_A_C_boundary,state_mapping,-1.2884806527529602,-1.2884806527529578,-0.26468203956257047,-1.0515741901140048,-0.06735810888290975,1.1547028946777373
b6i_064,0,P16,101.0,side=B_side|dphi=high,O1_lag0_AB,state_mapping,0.38529373710671755,0.27919985007470366,-0.08784894374059601,0.2712142886851973,-0.10859808895967371,0.5383891068530758
b6i_064,0,P16,123.0,side=B_side|dphi=high,O1_lag0_AB,state_mapping,1.7143803898785137,1.7002020243981273,0.29788822602897325,1.6964330918020785,0.20227768973122728,1.7143803898785137
b6i_064,0,P16,125.0,side=B_side|dphi=high,O1_lag0_AB,state_mapping,1.721449999733683,1.651652757083622,0.4771215443706241,1.6463992011852278,0.4346466572191423,1.721449999733683
b6i_064,0,P16,139.0,side=B_side|dphi=mid,O2_lag5_AB,state_mapping,-0.40712208613770906,-0.7458888520028641,-0.7124771149590531,-0.6966663304669012,-0.3274447643282616,0.7934155258887435
b6i_064,0,P16,177.0,side=B_side|dphi=low,O6_phase_only,state_mapping,-0.7348109329767419,-0.7348109329767414,-0.5882356171211359,-0.7348109329767419,-0.3998840583803771,0.15584947829957438
b6i_064,0,P16,220.0,side=B_side|dphi=low,O6_phase_only,state_mapping,-1.3786452742516013,-1.2513202100610328,1.0733139117929316,-0.3992217035549448,0.8377154937003054,1.7193823792473928
b6i_064,0,P16,244.0,side=A_side|dphi=high,O3_A_C_boundary,state_mapping,0.4858205739888211,0.48582057398881884,-0.10893267718897352,-0.47966456693998105,-0.2677738036691868,1.4121089560581361
b6i_064,0,P16,278.0,side=A_side|dphi=low,O3_A_C_boundary,state_mapping,-0.8153336589551518,-0.8153336589551538,0.23724478531079352,-0.4962176694205161,0.2810270811442862,1.5800578026303005
b6i_064,0,P16,298.0,side=B_side|dphi=high,O1_lag0_AB,state_mapping,-0.47012905536874716,-0.9034220085906389,-1.0199031212187044,-0.9921687580457275,-1.0345755009922772,0.9167641163805066
b6i_064,0,P16,312.0,side=B_side|dphi=mid,O2_lag5_AB,state_mapping,1.6570583155078689,0.9005914380439848,0.46557438884384106,0.9434103179004328,0.7152944438242579,1.6570583155078689
b6i_064,0,P16,317.0,side=B_side|dphi=high,O1_lag0_AB,state_mapping,1.6578235110371606,1.5275865692951571,1.1578812343182439,1.5288760439658697,1.1747493056697054,1.7072601940998857
b6i_064,0,P16,368.0,side=B_side|dphi=high,O1_lag0_AB,state_mapping,1.622475461761315,1.6105956293986141,0.8712684738358605,1.6076256713079307,0.7735884101514787,1.693564245527348
b6i_064,0,P16,373.0,side=B_side|dphi=high,O1_lag0_AB,state_mapping,1.608336242050977,1.278728092378974,0.6122155265065754,1.2720013954468912,0.061500628336316726,1.608336242050977
b6i_064,0,P16,392.0,side=A_side|dphi=high,O3_A_C_boundary,state_mapping,-1.1617448508428327,-1.1617448508428352,-0.18942918984780643,-0.9138235836068713,-0.17385102185721413,1.4856384897656756
b6i_064,0,P16,406.0,side=B_side|dphi=mid,O2_lag5_AB,state_mapping,,,-0.06896295999286838,,0.33338183567381374,1.651575049357248
b6i_064,0,P16,417.0,side=missing|dphi=mid,O4_B_C_boundary,global_fallback,,,,,,
b6i_064,0,P17,42.0,side=B_side|dphi=low,O6_phase_only,state_mapping,0.8887713189337734,0.8851464302124099,-0.22306812731198208,0.8646053941246704,0.021108911483814347,1.0999438818457405
b6i_064,0,P17,52.0,side=B_side|dphi=mid,O2_lag5_AB,state_mapping,-1.1713688092383212,-0.7097863023296944,-0.6765345973118527,-0.7359136140415046,-0.5461939741017657,-0.055460472594428344
b6i_064,0,P17,68.0,side=A_side|dphi=low,O3_A_C_boundary,state_mapping,,,-0.6787389011338922,1.4168134390870422,-0.18845079281658855,1.4168134390870422
b6i_064,0,P17,125.0,side=A_side|dphi=high,O3_A_C_boundary,state_mapping,1.0519071558540563,1.0519071558540538,0.49465863568984536,0.48699120835213444,-0.14710101316599483,1.0519071558540563
b6i_064,0,P17,145.0,side=B_side|dphi=mid,O2_lag5_AB,state_mapping,-1.435641040590869,-1.4100865533632967,-1.4264092750590427,-1.4124096885658015,-1.3172011996231177,-0.970517205774624
b6i_064,0,P17,183.0,side=A_side|dphi=mid,O3_A_C_boundary,state_mapping,1.7024842723260425,1.7024842723260452,1.252363544599636,1.40025734380925,0.764434089861833,1.707310780023345
b6i_064,0,P17,201.0,side=A_side|dphi=low,O3_A_C_boundary,state_mapping,1.1363976904608073,1.1363976904608042,0.8857152398080451,0.6780018867596493,0.4169600239478429,1.4103871661062413
b6i_064,0,P17,222.0,side=A_side|dphi=low,O3_A_C_boundary,state_mapping,1.5081560427305143,1.5081560427305134,0.7054911215482362,0.5486400726976359,0.03237848377522679,1.6356308372900947
b6i_064,0,P17,226.0,side=A_side|dphi=low,O3_A_C_boundary,state_mapping,1.491257935809164,1.4912579358091644,0.7373649962949176,0.2532862978218348,-0.07400776875515444,1.491257935809164
b6i_064,0,P17,241.0,side=A_side|dphi=low,O3_A_C_boundary,state_mapping,0.5703111085955727,0.5703111085955745,-0.32145904042859536,0.04075523605527154,-0.567224202914236,0.5703111085955727
b6i_064,0,P17,275.0,side=B_side|dphi=high,O1_lag0_AB,state_mapping,0.03181324434826108,0.43881999444320335,-0.5540077977701727,0.469454911117017,-0.6646446322270951,0.9070965778857729
b6i_064,0,P17,276.0,side=B_side|dphi=high,O1_lag0_AB,state_mapping,-0.34287607797570285,0.13311748714919922,-0.5092987661020288,0.14283164153950306,-0.5519134396768762,0.628539361054709
b6i_064,0,P17,289.0,side=B_side|dphi=high,O1_lag0_AB,state_mapping,0.2721799794240113,0.20683510432060878,0.582144422522302,0.2003724243653281,0.3769539857220353,0.9377587144655561
b6i_064,0,P17,305.0,side=B_side|dphi=low,O6_phase_only,state_mapping,-1.091719100422588,-0.9451199346100567,-0.1566605387876145,-0.044582201761653506,-0.2156007100333008,1.002554696899281
b6i_064,0,P17,334.0,side=A_side|dphi=low,O3_A_C_boundary,state_mapping,0.24079802362924158,0.24079802362924105,-0.3739115666757034,-0.11337520563474127,-0.4816850873437682,0.24079802362924158
b6i_064,0,P17,342.0,side=A_side|dphi=low,O3_A_C_boundary,state_mapping,0.9167223004832536,0.9167223004832559,-0.019993625330291698,0.8586109467837161,-0.18117305641090461,0.9167223004832536
b6i_064,0,P17,360.0,side=A_side|dphi=mid,O3_A_C_boundary,state_mapping,-1.178642957764183,-1.178642957764189,-0.6741832613278567,-0.9399828050561345,-0.5326213200503069,0.7558055310617915
b6i_064,0,P17,374.0,side=A_side|dphi=mid,O3_A_C_boundary,state_mapping,-0.2914923443932927,-0.29149234439329214,-0.31113834157056736,-0.9037413621082139,-0.7969281696039464,-0.01428498547851606
b6i_064,0,P17,393.0,side=A_side|dphi=high,O3_A_C_boundary,state_mapping,1.339174973517011,1.3391749735170089,-0.08702093066909884,0.3968508997342499,0.040860064234244285,1.6254184660367068
b6i_064,0,P17,398.0,side=B_side|dphi=mid,O2_lag5_AB,state_mapping,-0.41426457887696727,-0.9352397883094444,-0.41695913955160596,-0.8557689936502513,-0.06888047948144291,1.2806704831880356
b6i_064,0,P26,6.0,side=B_side|dphi=low,O6_phase_only,state_mapping,1.1617010940394201,1.161701094039417,-0.30902986521872294,1.1617010940394201,-0.2586642042897064,1.1617010940394201
b6i_064,0,P26,66.0,side=B_side|dphi=high,O1_lag0_AB,state_mapping,1.1417419916098142,1.0754088443331287,1.0295529252016602,1.0637029948137129,0.5663491057767561,1.389869294281062
b6i_064,0,P26,96.0,side=A_side|dphi=mid,O3_A_C_boundary,state_mapping,1.2631334923709348,1.2631334923709385,-0.16176224259168728,0.10734577372326182,-0.31097060573804375,1.2631334923709348
b6i_064,0,P26,104.0,side=B_side|dphi=high,O1_lag0_AB,state_mapping,-1.6578235110371609,-1.5408907356784127,-0.06786435859388562,-1.5360185367051278,-0.10328429015019991,1.7192746504272776
b6i_064,0,P26,110.0,side=B_side|dphi=high,O1_lag0_AB,state_mapping,-0.8236095481272037,-1.2275885890424993,-0.08570636731142021,-1.2724751491441975,-0.2766943969808951,1.5230299012469928
b6i_064,0,P26,127.0,side=A_side|dphi=low,O3_A_C_boundary,state_mapping,1.220888225067559,1.2208882250675626,0.6191259738510598,0.7344152884538956,0.3286994409043531,1.4626236665918002
b6i_064,0,P26,136.0,side=B_side|dphi=mid,O2_lag5_AB,state_mapping,0.6213968683154509,-0.23896938222452524,-0.0007755529741104092,-0.13998919410930655,0.0037297366822915557,0.8713402650385309
b6i_064,0,P26,159.0,side=A_side|dphi=low,O3_A_C_boundary,state_mapping,-0.06336790095506367,-0.06336790095506348,0.47702386127472207,0.2906411069147702,0.7490347129848945,1.4136362710600174
b6i_064,0,P26,169.0,side=B_side|dphi=mid,O2_lag5_AB,state_mapping,-0.1499923475244192,-0.509776086163328,0.13080762726321662,-0.4655921182603041,0.05552171324235679,0.8571721306476604
b6i_064,0,P26,182.0,side=B_side|dphi=mid,O2_lag5_AB,state_mapping,-1.042803939931676,-0.2198794610134511,-0.2325643407837482,-0.35703354083315564,-0.01807692976631961,1.6595479876332782
b6i_064,0,P26,200.0,side=B_side|dphi=mid,O2_lag5_AB,state_mapping,1.421356055112353,1.299789889472005,0.3015215260012477,1.3098274627817603,0.2993201699702771,1.5186092614852666
b6i_064,0,P26,210.0,side=B_side|dphi=high,O1_lag0_AB,state_mapping,0.045952464058599124,0.20184830127305592,0.23569494539278885,0.24082226057667028,0.4961190983313978,1.471835618852136
b6i_064,0,P26,217.0,side=B_side|dphi=low,O6_phase_only,state_mapping,1.3436542774431848,1.2934897497588815,0.7685844830803477,0.5075788160380931,0.6736156157467938,1.3436542774431848
b6i_064,0,P26,226.0,side=A_side|dphi=mid,O3_A_C_boundary,state_mapping,-0.8998241935619034,-0.8998241935619002,-0.46951014947334796,-1.176028984313061,-0.7196147777734982,1.0567281036141716
b6i_064,0,P26,237.0,side=A_side|dphi=mid,O3_A_C_boundary,state_mapping,0.266145184011267,0.26614518401126647,-0.11818994950846408,0.44477154860478263,0.1423717256911987,0.9172308929078529
b6i_064,0,P26,253.0,side=B_side|dphi=mid,O2_lag5_AB,state_mapping,-0.20713228943848364,0.4193727142846685,0.2864841359098077,0.3895391426788049,0.3520565000302862,0.9862105747960934
b6i_064,0,P26,269.0,side=B_side|dphi=mid,O2_lag5_AB,state_mapping,0.2999846950488384,0.7357332102149747,0.5145738086988707,0.6961197088362345,0.705802714084191,1.4451497078687827
b6i_064,0,P26,346.0,side=A_side|dphi=low,O3_A_C_boundary,state_mapping,,,-1.181469869352878,-0.368371494162631,-1.0158240049609308,-0.368371494162631
b6i_064,0,P26,396.0,side=B_side|dphi=high,O1_lag0_AB,state_mapping,-0.8943056466788948,-0.4051416643829882,-0.5895999705923223,-0.39001288142538293,-0.12921284619309414,1.3601409015235604
b6i_064,0,P7,20.0,side=A_side|dphi=mid,O3_A_C_boundary,state_mapping,0.3506357186180186,0.35063571861801757,0.09775424406713687,0.35241953919488955,-0.0719284566301679,0.8660272072582184
b6i_064,0,P7,48.0,side=B_side|dphi=low,O6_phase_only,state_mapping,-0.6928217368066424,-0.7096524235142313,0.05877628382264559,-0.8050263148572477,-0.14295352286397991,1.565918582919962
b6i_064,0,P7,78.0,side=B_side|dphi=high,O1_lag0_AB,state_mapping,0.3216672484101954,-0.005285452401429735,-0.3491483578285228,-0.04986991160301496,-0.253467031122853,0.6298379425514928
b6i_064,0,P7,79.0,side=B_side|dphi=mid,O2_lag5_AB,state_mapping,-0.8999540851465149,0.26714960695039786,-0.19043725191139238,0.14210278279715716,-0.07278365774879657,1.1841596507408292
b6i_064,0,P7,93.0,side=A_side|dphi=high,O3_A_C_boundary,state_mapping,1.7109333257867176,1.7109333257867152,0.21123574335914602,0.4445907655581165,-0.28193055184330457,1.7109333257867176
b6i_064,0,P7,121.0,side=A_side|dphi=mid,O3_A_C_boundary,state_mapping,-0.18165464940451567,-0.1816546494045149,-0.1140210478657449,0.18190926232199778,0.26940090960390495,1.1732023048821374
b6i_064,0,P7,129.0,side=B_side|dphi=mid,O2_lag5_AB,state_mapping,1.2999336785449662,1.2287025927127464,1.0159076494975838,1.231442249860144,0.8111033446189172,1.2999336785449662
b6i_064,0,P7,138.0,side=A_side|dphi=mid,O3_A_C_boundary,state_mapping,1.0181109420113557,1.0181109420113592,1.3681104593117963,1.2245462577446342,1.4411875450510936,1.6931715603130064
b6i_064,0,P7,148.0,side=B_side|dphi=low,O6_phase_only,state_mapping,1.0987172997842714,1.1092259251452805,0.5573545777873473,1.1487583729319186,0.692484591904324,1.1987994460795657
b6i_064,0,P7,160.0,side=A_side|dphi=mid,O3_A_C_boundary,state_mapping,1.634891844640641,1.6348918446406422,1.0185665357356044,1.5364787426569944,1.0250316146914566,1.634891844640641
b6i_064,0,P7,172.0,side=A_side|dphi=mid,O3_A_C_boundary,state_mapping,-0.029571687112363045,-0.029571687112363167,-0.18623399171558533,0.3217073482269908,-0.07547992847134533,0.6729863835663447
b6i_064,0,P7,190.0,side=A_side|dphi=low,O3_A_C_boundary,state_mapping,0.37598287900004407,0.37598287900004373,0.2856688588913727,0.7015863111690747,0.29196639881307596,1.0271897433381052
b6i_064,0,P7,221.0,side=B_side|dphi=high,O1_lag0_AB,state_mapping,0.8377487678375419,0.029161757250727387,0.059925975274861945,-0.08110010782929289,0.008742210593925308,0.8377487678375419
b6i_064,0,P7,295.0,side=A_side|dphi=high,O3_A_C_boundary,state_mapping,-0.5449639482135472,-0.5449639482135487,0.09286163128462457,-0.20164130215242146,0.35340361450623736,1.4976146634002168
b6i_064,0,P7,298.0,side=A_side|dphi=low,O3_A_C_boundary,state_mapping,-0.6632506966629992,-0.6632506966629991,0.10498471224425,-0.3174572139406293,0.14450054764081563,1.4066380716983342
b6i_064,0,P7,306.0,side=B_side|dphi=mid,O2_lag5_AB,state_mapping,0.02856997095703212,0.446275135468765,0.1502738276573845,0.4048809299766105,0.37307772867812405,1.2255436248102913
b6i_064,0,P7,347.0,side=B_side|dphi=high,O1_lag0_AB,state_mapping,0.3711545173963791,-0.5086054372059777,-0.10136878051830123,-0.535814507966874,-0.512705273665576,0.49426962744949626
b6i_064,0,P7,363.0,side=A_side|dphi=high,O3_A_C_boundary,state_mapping,0.18165464940451587,0.18165464940451492,0.6182327965033166,0.5300394908192408,0.827013442600482,1.5998213248392783
b6i_064,0,P7,397.0,side=B_side|dphi=low,O6_phase_only,state_mapping,1.2386812870179362,1.0771297595347735,0.7384858321258088,0.22898424024818415,0.568095758642569,1.4881528745131016
b6i_064,0,P7,406.0,side=B_side|dphi=high,O1_lag0_AB,state_mapping,,,-0.825787524678624,,-0.825787524678624,-0.825787524678624
b6i_064,1,P11,46.0,side=B_side|dphi=mid,O1_lag0_AB,state_mapping,1.50229209422344,1.0371118198255784,0.7827529626603595,0.8377488450836403,0.6770921198534103,1.50229209422344
b6i_064,1,P11,67.0,side=B_side|dphi=low,O6_phase_only,state_mapping,1.0777227016992215,1.0777227016992235,-0.06379467729880156,0.5452606361489678,-0.24367471157245355,1.0777227016992215
b6i_064,1,P11,89.0,side=A_side|dphi=high,O2_lag5_AB,state_mapping,1.557063417158256,1.5570634171582518,1.0314709288120805,1.299210647443616,0.992400433993201,1.6648931208923299
b6i_064,1,P11,103.0,side=B_side|dphi=low,O6_phase_only,state_mapping,-1.4906164640385333,-1.490616464038533,0.170003121761011,-0.6834484741254813,0.1618046327046543,1.127602771899476
b6i_064,1,P11,120.0,side=B_side|dphi=high,O1_lag0_AB,state_mapping,-0.5620339834859458,0.054809672991472526,-0.1283193891404467,0.2829573267570932,0.19416833112783416,1.2751320951783378
b6i_064,1,P11,146.0,side=B_side|dphi=low,O6_phase_only,state_mapping,1.3016650812730854,1.3016650812730857,-0.44525650969190544,0.670030396534614,-0.567328633935789,1.3016650812730854
b6i_064,1,P11,157.0,side=B_side|dphi=low,O6_phase_only,state_mapping,-0.06298379425514933,-0.06298379425514952,-0.38947073722190284,0.4057925983284947,-0.5299758761519698,0.8745689909121387
b6i_064,1,P11,181.0,side=B_side|dphi=mid,O1_lag0_AB,state_mapping,-1.2760645788580278,-0.6107503373414297,-0.4258945230556547,-0.4120201093559537,0.3481011089707667,1.4547708580538503
b6i_064,1,P11,211.0,side=B_side|dphi=low,O6_phase_only,state_mapping,-0.9797479106356559,-0.9797479106356586,0.38342003393259483,-1.29831699813661,-0.38089355123108637,1.6366146814716536
b6i_064,1,P11,240.0,side=B_side|dphi=low,O6_phase_only,state_mapping,1.3786452742516013,1.3786452742515976,-0.6972848580126976,-0.09352326449555293,-0.8486821143465068,1.3786452742516013
b6i_064,1,P11,252.0,side=B_side|dphi=low,O6_phase_only,state_mapping,1.1337082965926875,1.133708296592687,-0.22120732521638836,0.9273472201601278,-0.26335532623623936,1.1337082965926875
b6i_064,1,P11,263.0,side=B_side|dphi=low,O6_phase_only,state_mapping,-1.6655714480806147,-1.6655714480806194,-1.2968161928575561,-0.16086076760781054,-0.9794420844005656,1.3438499128649937
b6i_064,1,P11,282.0,side=B_side|dphi=low,O6_phase_only,state_mapping,0.6858235374449588,0.6858235374449595,-0.273932693184742,0.6948724601871207,-0.44589743929394143,0.7039213829292825
b6i_064,1,P11,292.0,side=B_side|dphi=low,O6_phase_only,state_mapping,0.12596758851029866,0.12596758851029904,0.4977957825451558,0.38934734452236214,0.40607963379720874,1.1558812113201526
b6i_064,1,P11,309.0,side=B_side|dphi=low,O6_phase_only,state_mapping,0.18895138276544796,0.18895138276544787,-0.5298411735941861,0.3013859160619373,-0.2590441345459888,0.41382044935842666
b6i_064,1,P11,324.0,side=B_side|dphi=high,O1_lag0_AB,state_mapping,-1.6224754617613153,-1.6224754617613186,-1.4847738012637424,-1.6224754617613153,-1.1987002420106547,-0.3116989565991493
b6i_064,1,P11,376.0,side=A_side|dphi=mid,O3_A_C_boundary,state_mapping,,-0.8589575974030483,-0.7223108864539691,-0.8589575974030493,-0.43744166054759026,0.2904467550128436
b6i_064,1,P15,10.0,side=A_side|dphi=high,O2_lag5_AB,state_mapping,0.6499668392724831,0.6499668392724809,0.19625218009769094,1.0723525087546562,0.687508406085882,1.4947381782368292
b6i_064,1,P15,16.0,side=A_side|dphi=high,O2_lag5_AB,state_mapping,-1.7141982574219334,-1.71419825742193,-0.058319773244509085,-1.6753088897837336,-0.35835678675880317,0.7899864985731263
b6i_064,1,P15,43.0,side=B_side|dphi=mid,O1_lag0_AB,state_mapping,0.038882854203430295,0.03888285420343036,-0.09363667244796012,0.038882854203430295,0.5334696640178522,1.7285123956861912
b6i_064,1,P15,83.0,side=B_side|dphi=high,O1_lag0_AB,state_mapping,0.42771139623773247,-0.18478449575395497,-0.33917289608988643,-0.44728273517896416,-0.7348457173048969,0.42771139623773247
b6i_064,1,P15,106.0,side=B_side|dphi=mid,O1_lag0_AB,state_mapping,-0.05302207391376853,-0.5032324919823217,-0.22460018884215427,-0.6454042029513389,-0.7539405547571039,0.38490096489257886
b6i_064,1,P15,122.0,side=B_side|dphi=low,O6_phase_only,state_mapping,-0.517866752764561,-0.5178667527645614,-0.08228429652099066,-0.517866752764561,0.37062259233731454,1.5089063126276996
b6i_064,1,P15,176.0,side=B_side|dphi=mid,O1_lag0_AB,state_mapping,1.17709004088566,0.9219496749043313,0.8241039988940686,0.8018836203248775,0.4250514521812356,1.2596758851029861
b6i_064,1,P15,189.0,side=A_side|dphi=low,O3_A_C_boundary,state_mapping,0.6041073224382733,-0.08821818046330847,0.06420803437611522,0.0457803039692557,-0.18906298156711226,1.0637263029758548
b6i_064,1,P15,202.0,side=B_side|dphi=high,O1_lag0_AB,state_mapping,-0.8518879875478801,-0.7681219234707553,-0.12183822694855159,-0.7322221817234142,0.014387934838816613,1.3213611567627401
b6i_064,1,P15,235.0,side=B_side|dphi=mid,O1_lag0_AB,state_mapping,-1.5871274124854695,-1.3392430959902064,-1.2871377235796433,-1.2772720168663871,-0.7266798853959885,0.6356623397361401
b6i_064,1,P15,250.0,side=A_side|dphi=low,O3_A_C_boundary,state_mapping,1.5588503634945647,-0.22354059087432498,0.17516878225618449,0.20855418594237518,0.4472290596073276,1.5588503634945647
b6i_064,1,P15,262.0,side=A_side|dphi=low,O3_A_C_boundary,state_mapping,1.6602390050226667,-0.21182905904638769,-0.23232432962228472,0.10018228496512072,-0.02958529455579121,1.6602390050226667
b6i_064,1,P15,272.0,side=A_side|dphi=mid,O3_A_C_boundary,state_mapping,-1.4067674012024123,-1.1730772773522258,-0.6230829952546632,-1.203558597854422,-0.82011381611864,0.8327857240403074
b6i_064,1,P15,292.0,side=B_side|dphi=high,O1_lag0_AB,state_mapping,1.4386656055269178,1.1472185804736883,0.9241733576261851,1.055182677825296,1.0586243333645975,1.7278070308264206
b6i_064,1,P15,297.0,side=B_side|dphi=high,O1_lag0_AB,state_mapping,0.7670526692858505,-0.012480896844080934,-0.27381890133325637,-0.31563283922794333,-0.5599103952136416,0.7670526692858505
b6i_064,1,P15,315.0,side=A_side|dphi=mid,O3_A_C_boundary,state_mapping,0.5365148947528721,0.46235610539587285,0.493433952265913,0.47857834056771764,-0.1111912768621876,0.7348109329767419
b6i_064,1,P15,327.0,side=A_side|dphi=mid,O3_A_C_boundary,state_mapping,-0.8744770331798779,-1.283977645909557,-0.6329457254921118,-1.1919193686292435,-0.5042886463781205,0.825787524678624
b6i_064,1,P15,341.0,side=B_side|dphi=high,O1_lag0_AB,state_mapping,0.957932135375417,0.4475105309745715,0.028868685948357287,0.37124063606410035,0.2238694055577337,1.3011880108692797
b6i_064,1,P15,343.0,side=B_side|dphi=high,O1_lag0_AB,state_mapping,-0.1661358315964746,-0.1989647735663844,-0.18010719735494152,-0.20769145434319575,0.14310657939821927,1.3182527716675654
b6i_064,1,P15,358.0,side=B_side|dphi=low,O6_phase_only,state_mapping,1.6235822519105154,1.623582251910516,0.33098895072016754,0.7115356562653296,0.3039190293838964,1.6235822519105154
b6i_064,1,P15,369.0,side=B_side|dphi=mid,O1_lag0_AB,state_mapping,1.396247946395903,1.3657524970893664,1.0880874835361907,1.3550378797654443,0.3816653828912105,1.396247946395903
b6i_064,1,P15,380.0,side=A_side|dphi=low,O3_A_C_boundary,state_mapping,1.2124391716068839,0.8052289518241015,0.5641624093902535,0.894306187401584,0.17462925100744728,1.2124391716068839
b6i_064,1,P15,392.0,side=A_side|dphi=low,O3_A_C_boundary,state_mapping,1.0688052627754066,-0.07428401819484774,0.2799459022413084,0.1826895410930391,0.3714742218762543,1.2876686825497188
b6i_064,1,P15,400.0,side=A_side|dphi=mid,O3_A_C_boundary,state_mapping,1.3814202408203868,1.2198003931323265,0.60861033434341,1.258046311287516,0.8800866650358834,1.586831051777487
b6i_064,1,P15,415.0,side=missing|dphi=high,O2_lag5_AB,global_fallback,,,,,,
b6i_064,1,P15,417.0,side=missing|dphi=high,O2_lag5_AB,global_fallback,,,,,,
b6i_064,1,P18,12.0,side=B_side|dphi=low,O6_phase_only,state_mapping,-0.9237623157421897,-0.9237623157421884,-0.25606753779862584,0.06072714157640269,0.0124897933758603,1.045216598894995
b6i_064,1,P18,29.0,side=B_side|dphi=low,O6_phase_only,state_mapping,0.8957695182954567,0.8957695182954544,-0.03444073543055445,0.24524072466808633,-0.35623440394811845,0.9428090415820635
b6i_064,1,P18,41.0,side=B_side|dphi=high,O1_lag0_AB,state_mapping,-0.3499456878308719,-0.6339167642776505,-0.3850199645070579,-0.7389471624155022,-0.3909154560302391,0.8660366105129961
b6i_064,1,P18,49.0,side=B_side|dphi=low,O6_phase_only,state_mapping,0.11896938914861534,0.11896938914861485,-0.4405481559446458,0.1640063544638071,-0.6791280579626695,0.20904331977899887
b6i_064,1,P18,73.0,side=A_side|dphi=mid,O3_A_C_boundary,state_mapping,0.5196167878315218,0.40561902997451876,0.4572146764309414,0.4312464329036122,0.12165256531643324,1.0570889254101923
b6i_064,1,P18,93.0,side=A_side|dphi=low,O3_A_C_boundary,state_mapping,0.43512625322477017,0.33302703834040975,0.3642432375338276,0.3571879212519753,0.36195406702751964,1.651015607234135
b6i_064,1,P18,102.0,side=B_side|dphi=high,O1_lag0_AB,state_mapping,1.2689949690028586,0.6869806215270564,0.8148595505666976,0.49297583903512054,0.5588676296157535,1.2689949690028586
b6i_064,1,P18,128.0,side=A_side|dphi=mid,O3_A_C_boundary,state_mapping,-1.6602390050226667,0.2971041688116831,0.14800808551463085,-0.18855240815473484,-0.36903703212192956,1.283134188713197
b6i_064,1,P18,145.0,side=B_side|dphi=mid,O1_lag0_AB,state_mapping,0.4489202258032397,0.5318418186573711,0.476519307628225,0.5476364077724442,0.6904300252429886,1.18303922163768
b6i_064,1,P18,161.0,side=B_side|dphi=high,O1_lag0_AB,state_mapping,0.618590862327299,0.4903163050009916,0.3862696699877271,0.4212453895175951,0.5468954381066184,0.9280128026020124
b6i_064,1,P18,175.0,side=B_side|dphi=mid,O1_lag0_AB,state_mapping,-0.7599830594306815,-1.073662206421364,-0.5124342641214074,-1.142518604541273,-0.3509842497114238,1.378501098676805
b6i_064,1,P18,195.0,side=B_side|dphi=mid,O1_lag0_AB,state_mapping,1.5305705336441164,1.142176604406104,0.715095796054954,0.9237050192097171,0.8169441702001908,1.5305705336441164
b6i_064,1,P18,228.0,side=B_side|dphi=low,O6_phase_only,state_mapping,-1.7285552423357642,-1.7285552423357615,0.19834738348616365,-1.2247706930316662,-0.0007661359194937545,1.119499583539457
b6i_064,1,P18,242.0,side=B_side|dphi=low,O6_phase_only,state_mapping,-0.39889736361594563,-0.39889736361594463,-0.8449261960391419,-0.21864653770604417,-0.706315685739971,0.2830432909326174
b6i_064,1,P18,258.0,side=A_side|dphi=high,O2_lag5_AB,state_mapping,1.0070914762353858,1.0070914762353875,0.8493499051547602,1.1517378865000145,0.8118704810485771,1.2963842967646433
b6i_064,1,P18,289.0,side=A_side|dphi=high,O2_lag5_AB,state_mapping,-1.0499464326709342,-1.0499464326709356,-0.7064957258832296,-0.588729821094384,-0.1842903528165641,1.0772543162360817
b6i_064,1,P18,321.0,side=A_side|dphi=high,O2_lag5_AB,state_mapping,-1.3570736204590306,-1.3570736204590312,-0.3163057481182378,-1.0929547411624752,-0.2198671385800677,1.0537489792941377
b6i_064,1,P18,353.0,side=A_side|dphi=mid,O3_A_C_boundary,state_mapping,-1.5841975238765904,-1.3417469359916252,-1.0389583311485162,-1.3947830020914636,-0.9419660188456388,0.08958999419099957
b6i_064,1,P18,380.0,side=B_side|dphi=low,O6_phase_only,state_mapping,0.07698019297851592,0.07698019297851574,-0.21841827828859006,-0.49691677355695396,-0.2081005408751623,0.9927637816293301
b6i_064,1,P18,409.0,side=B_side|dphi=mid,O1_lag0_AB,state_mapping,,,0.5948469457430767,,0.5948469457430766,0.5948469457430767
b6i_064,1,P24,6.0,side=B_side|dphi=mid,O1_lag0_AB,state_mapping,-1.4740136548027636,-0.6064083709690664,0.006745091958663463,-0.13923629505861512,0.6578821295657069,1.4499260260693851
b6i_064,1,P24,13.0,side=A_side|dphi=low,O3_A_C_boundary,state_mapping,-0.10561316825843946,0.5403354220869672,-0.09337968253037421,0.38374182442747407,-0.16024458966416122,0.8730968171133876
b6i_064,1,P24,33.0,side=B_side|dphi=low,O6_phase_only,state_mapping,-1.5745948563787324,-1.5745948563787282,-0.37961983411184314,-0.6529124369028668,-0.12426330146493882,0.779247391497873
b6i_064,1,P24,49.0,side=B_side|dphi=high,O1_lag0_AB,state_mapping,-1.0427674536374465,-0.37449509184500074,-0.38930760506198503,-0.15173763791418554,0.2237199817484224,1.2841232500709943
b6i_064,1,P24,75.0,side=A_side|dphi=high,O2_lag5_AB,state_mapping,1.7284832429004495,1.7284832429004433,1.0768211634216334,1.2857436195786196,0.7257965883796115,1.7284832429004495
b6i_064,1,P24,101.0,side=B_side|dphi=low,O6_phase_only,state_mapping,1.315661479996452,1.315661479996457,1.2130126462155377,1.2700290336367233,1.0448487706755372,1.4528048252372563
b6i_064,1,P24,111.0,side=A_side|dphi=mid,O3_A_C_boundary,state_mapping,1.6179937377192908,0.4986236450281147,0.5547044822736059,0.644628439726963,0.8281979086964698,1.6179937377192908
b6i_064,1,P24,124.0,side=A_side|dphi=mid,O3_A_C_boundary,state_mapping,,-0.017674024637922822,-0.4723581560022381,-0.017674024637922843,-1.007457536130547,-0.017674024637922843
b6i_064,1,P24,167.0,side=B_side|dphi=high,O1_lag0_AB,state_mapping,-0.7104957904444976,-0.7311513488429005,-0.3128670109618896,-0.7417920910481368,-0.31743599992435306,0.8677767208487235
b6i_064,1,P24,174.0,side=B_side|dphi=high,O1_lag0_AB,state_mapping,-1.6648931208923299,-0.9508124260630736,-0.8467878191726355,-0.6867003882495186,-0.28854330685852697,0.9634331385791887
b6i_064,1,P24,199.0,side=B_side|dphi=mid,O1_lag0_AB,state_mapping,-0.03181324434826108,0.31000613583827524,0.040617880453020935,0.4635771617191842,0.32107483530169395,1.335317532465851
b6i_064,1,P24,228.0,side=B_side|dphi=mid,O1_lag0_AB,state_mapping,1.2195077000166747,0.4391069960415715,0.277847887737945,0.2316587076431244,-0.11885651398106134,1.2195077000166747
b6i_064,1,P24,254.0,side=B_side|dphi=low,O6_phase_only,state_mapping,0.04198919617009942,0.04198919617009957,-0.09757736008312468,0.061523404980978,0.03466602693174042,0.5596413084393813
b6i_064,1,P24,280.0,side=A_side|dphi=high,O2_lag5_AB,state_mapping,0.778531708579128,0.7785317085791259,-0.49268895577605976,1.1401769770056962,0.32261547860535944,1.727831432708068
b6i_064,1,P24,296.0,side=B_side|dphi=high,O1_lag0_AB,state_mapping,1.6295450716164843,0.8132635727734011,0.616690481023916,0.4958207676677553,0.3633351458008036,1.6499158227686108
b6i_064,1,P24,303.0,side=B_side|dphi=mid,O1_lag0_AB,state_mapping,1.5729881927751312,1.5597979198893182,1.3559435693548845,1.557470224674173,1.4408760053032412,1.7141982574219334
b6i_064,1,P24,335.0,side=A_side|dphi=mid,O3_A_C_boundary,state_mapping,0.8406808193371773,1.2365138415031702,1.2746589807396782,1.1573472370699704,1.2741950690573813,1.671343300986385
b6i_064,1,P24,368.0,side=A_side|dphi=mid,O3_A_C_boundary,state_mapping,1.0603562093147314,-0.3559329573044853,-0.4159146174937649,-0.05483211085787987,-0.14078151112352744,1.0603562093147314
b6i_064,1,P24,377.0,side=A_side|dphi=high,O2_lag5_AB,state_mapping,-0.35712463696290286,-0.3571246369629028,-0.8436556386471419,-0.6567368541733283,-0.6918037695163121,-0.14696218659534835
b6i_064,1,P24,381.0,side=B_side|dphi=mid,O1_lag0_AB,state_mapping,-0.22976232029299676,-0.6397483953357489,-0.2981763092561316,-0.8605101280510803,-0.475711459838402,0.6158415438281266
b6i_064,1,P24,395.0,side=B_side|dphi=low,O6_phase_only,state_mapping,0.6368361419131762,0.636836141913178,-0.2899687521946397,0.09444308547908906,-0.2309379745672002,0.8491298727978525
b6i_064,1,P24,417.0,side=missing|dphi=high,O2_lag5_AB,global_fallback,,,,,,
b6i_064,1,P5,6.0,side=B_side|dphi=high,O1_lag0_AB,state_mapping,1.6719627307474991,1.362348528422456,0.9922028508870299,1.2098519810086248,0.5311208445571909,1.6719627307474991
b6i_064,1,P5,13.0,side=A_side|dphi=low,O3_A_C_boundary,state_mapping,-0.26614518401126724,0.4810678979377462,0.7231212468400778,0.3176150362613984,0.7758521477927668,1.3694470540624222
b6i_064,1,P5,24.0,side=B_side|dphi=mid,O1_lag0_AB,state_mapping,1.2972734084235351,0.8832322651005462,0.877167618277421,0.7141168685320001,0.8472758288884172,1.2972734084235351
b6i_064,1,P5,37.0,side=B_side|dphi=low,O6_phase_only,state_mapping,1.4206344704217009,1.4206344704217024,0.42837751928450873,1.275587436654062,0.6601408779862444,1.4743598288878137
b6i_064,1,P5,47.0,side=A_side|dphi=mid,O3_A_C_boundary,state_mapping,1.5926465773372653,0.8184638937451467,0.18922844022548713,0.9925049621495761,0.46921359985805594,1.5926465773372653
b6i_064,1,P5,65.0,side=A_side|dphi=mid,O3_A_C_boundary,state_mapping,,1.375039116830398,0.38465520242150564,1.3750391168303957,-0.4855079685550578,1.3750391168303957
b6i_064,1,P5,109.0,side=B_side|dphi=mid,O1_lag0_AB,state_mapping,-0.6468693017479754,-0.4094338642499398,-0.6008184017502165,-0.31709786077848134,-0.48529748716650417,0.49283199900880603
b6i_064,1,P5,131.0,side=A_side|dphi=low,O3_A_C_boundary,state_mapping,1.449012668505788,0.48371258411367535,0.4603558333526676,0.7545521761373628,-0.28879398608391993,1.449012668505788
b6i_064,1,P5,150.0,side=A_side|dphi=mid,O3_A_C_boundary,state_mapping,-1.220888225067559,0.1606763104290293,0.19860166813989288,-0.12440843499090182,-0.05865937234462103,1.3097203912684223
b6i_064,1,P5,157.0,side=B_side|dphi=mid,O1_lag0_AB,state_mapping,-0.9791409649409244,-0.5442529615906604,-0.5985050181343152,-0.33959978354347836,-0.5768029588670301,0.4650147317532835
b6i_064,1,P5,173.0,side=B_side|dphi=low,O6_phase_only,state_mapping,1.4346308691450673,1.4346308691450596,-0.20377105671450568,0.5189375902924631,-0.1224023075484069,1.549920924418998
b6i_064,1,P5,200.0,side=B_side|dphi=high,O1_lag0_AB,state_mapping,0.13078778232062893,0.28981797712677415,0.5365766190871833,0.35477397218843837,0.6990326926448219,1.6680803680324208
b6i_064,1,P5,209.0,side=B_side|dphi=mid,O1_lag0_AB,state_mapping,0.5973820327617912,0.44067468275973026,0.4957847327713333,0.3599466539707905,0.46286885707927694,1.5827565640409926
b6i_064,1,P5,221.0,side=B_side|dphi=mid,O1_lag0_AB,state_mapping,-1.1912292605959984,-0.8152416655931068,-1.021856865146268,-0.7540343826856584,-0.9731770700775856,-0.3168395047753182
b6i_064,1,P5,242.0,side=B_side|dphi=high,O1_lag0_AB,state_mapping,-1.1063939423339688,-1.106393942333967,-0.9674683944427498,-1.1063939423339688,-0.709375421239889,0.20543794866762083
b6i_064,1,P5,336.0,side=B_side|dphi=high,O1_lag0_AB,state_mapping,-1.6366146814716536,-1.1610300942671634,-0.9428645395031721,-1.0189723604268615,-0.3021271630564766,0.9940223165001383
b6i_064,1,P5,342.0,side=B_side|dphi=mid,O1_lag0_AB,state_mapping,0.08130051333444481,0.5400289663134807,0.7371272495640484,0.6848905830437025,0.9951603710805793,1.560598457655366
b6i_064,1,P5,351.0,side=A_side|dphi=mid,O3_A_C_boundary,state_mapping,-1.6940352188653673,-1.0152456993507408,-1.1844835716274933,-1.1421738208859948,-1.1101330461936592,0.6953890025301395
b6i_064,1,P5,369.0,side=B_side|dphi=low,O6_phase_only,state_mapping,-0.7628037304234749,-0.7628037304234755,-0.2286848242059016,-0.7504273174746644,-0.5127733923397851,0.19441427101715109
b6i_064,1,P5,382.0,side=B_side|dphi=mid,O1_lag0_AB,state_mapping,1.2053684803063365,0.37790048703270673,0.5455778625462531,0.10207782260816567,-0.2229353553337302,1.5536002582936828
b6i_064,1,P5,391.0,side=B_side|dphi=low,O6_phase_only,state_mapping,1.2316830876562528,1.231683087656251,-0.39911055784955224,1.3176298316576232,-0.1034604578407896,1.4035765756589935
b6i_064,1,P5,402.0,side=B_side|dphi=mid,O1_lag0_AB,state_mapping,-0.9155144762444023,-0.9155144762444002,-0.6892548209783621,-0.9155144762444023,-0.6222149231217583,-0.328915369999113
b6i_064,2,P21,30.0,side=A_side|dphi=high,O2_lag5_AB,state_mapping,-1.4570685188086434,-1.457068518808645,-0.30403480693637924,-1.5881715846179607,-0.6344904223260217,0.9447569138272395
b6i_064,2,P21,45.0,side=A_side|dphi=low,O3_A_C_boundary,state_mapping,1.5335032031125393,1.5335032031125402,-0.30448961602804425,0.7702936351539872,0.12743699615783047,1.5335032031125393
b6i_064,2,P21,54.0,side=A_side|dphi=mid,O3_A_C_boundary,state_mapping,,,-0.7976301119141199,-0.0212522015863057,-0.497038053280538,-0.0212522015863057
b6i_064,2,P21,89.0,side=A_side|dphi=low,O3_A_C_boundary,state_mapping,1.668688058483342,1.6686880584833426,-0.3759453474879609,1.5108724464057337,0.2495786789712181,1.668688058483342
b6i_064,2,P21,106.0,side=A_side|dphi=high,O2_lag5_AB,state_mapping,-0.6785368102295152,-0.6785368102295156,-0.5331193559376227,-0.6785368102295152,-0.37515436344000985,0.41795996453067746
b6i_064,2,P21,149.0,side=B_side|dphi=high,O1_lag0_AB,state_mapping,1.3184822379890426,1.4312862312688,0.7793546381376993,1.4920268430348287,0.6955347854404311,1.6766127484315636
b6i_064,2,P21,180.0,side=A_side|dphi=high,O2_lag5_AB,state_mapping,-0.035712463696290345,-0.03571246369629042,-0.3926398753426793,0.7052630069792086,0.3108646839439276,1.4462384776547077
b6i_064,2,P21,192.0,side=B_side|dphi=mid,O1_lag0_AB,state_mapping,-0.5196163243549311,-0.24002075978979107,0.0880361769284922,0.1460874008001632,0.141578836518511,1.6433408981013164
b6i_064,2,P21,205.0,side=B_side|dphi=high,O1_lag0_AB,state_mapping,0.2439015400033348,-0.16765774707644035,-0.2924500107302252,-0.5043880728689839,-0.25572997581596685,0.446296233312418
b6i_064,2,P21,252.0,side=B_side|dphi=mid,O1_lag0_AB,state_mapping,-0.49840749478942364,-0.8413451429283069,-0.053014191987628245,-1.0260038765415531,0.33574405553003794,1.3459727671326898
b6i_064,2,P21,274.0,side=A_side|dphi=high,O2_lag5_AB,state_mapping,1.0856588963672245,1.0856588963672216,0.4223307927475333,1.0856588963672245,0.6432186552871786,1.622251387754663
b6i_064,2,P21,325.0,side=B_side|dphi=low,O6_phase_only,state_mapping,-0.8887713189337734,-0.9214772205505443,-0.8892083331820717,-0.909212507444257,-0.5866809320750769,0.26211048623110267
b6i_064,2,P21,366.0,side=A_side|dphi=mid,O3_A_C_boundary,state_mapping,1.2039901181462087,1.2039901181462087,-0.072492093767102,-0.13474792925215762,-0.651198276823758,1.2039901181462087
b6i_064,2,P21,384.0,side=B_side|dphi=low,O6_phase_only,state_mapping,0.7068181355300087,-0.16381179579093375,-0.10195005259318193,0.07592688094961597,0.20432426906277892,1.3779794344615648
b6i_064,2,P21,393.0,side=B_side|dphi=high,O1_lag0_AB,state_mapping,-1.2619253591476898,-0.8783302937172789,-0.7584356893599877,-0.564479785637854,-0.6138458554832619,0.5642569264013864
b6i_064,2,P21,408.0,side=B_side|dphi=mid,O1_lag0_AB,state_mapping,,1.1966920908478382,1.1966920908478367,1.1966920908478367,1.1966920908478371,1.1966920908478367
b6i_064,2,P23,32.0,side=A_side|dphi=low,O3_A_C_boundary,state_mapping,0.24924707708991672,0.24924707708991714,-0.596363808780415,-0.18353338445647335,-0.7186579476027505,0.24924707708991672
b6i_064,2,P23,65.0,side=B_side|dphi=low,O6_phase_only,state_mapping,-0.545859550211294,-1.0182016246031522,-0.9310330126115645,-0.8650096004760616,-0.5191020583814923,0.40379183013980696
b6i_064,2,P23,68.0,side=B_side|dphi=low,O6_phase_only,state_mapping,0.5388613508496107,-1.013212562520689,-0.46028448201015787,-0.49585459139725296,0.46952223743959975,1.6647557909272743
b6i_064,2,P23,106.0,side=A_side|dphi=high,O2_lag5_AB,state_mapping,-0.3285546660058705,-0.3285546660058712,-0.17923625064271023,0.5759066666227043,0.33927046011187606,1.480367999251279
b6i_064,2,P23,133.0,side=B_side|dphi=high,O1_lag0_AB,state_mapping,0.6822173510238211,0.35991027271197346,0.5366479347279951,0.1066689968955215,0.6884232524112162,1.3884771703053012
b6i_064,2,P23,138.0,side=A_side|dphi=mid,O3_A_C_boundary,state_mapping,,,-0.2930701714393844,0.7154907867389562,-0.2912616071920242,0.7154907867389562
b6i_064,2,P23,188.0,side=A_side|dphi=low,O3_A_C_boundary,state_mapping,1.5250541496518641,1.5250541496518568,0.0859584840359285,0.7306487724464736,-0.0028192257756723457,1.5250541496518641
b6i_064,2,P23,202.0,side=A_side|dphi=low,O3_A_C_boundary,state_mapping,,,-1.1601420531974023,0.368371494162631,-0.6274413959705012,0.368371494162631
b6i_064,2,P23,284.0,side=B_side|dphi=low,O6_phase_only,state_mapping,1.5466020589319995,0.6013899140837632,0.5056924933612498,0.9164606290331746,-0.05246599054856303,1.5466020589319995
b6i_064,2,P23,294.0,side=A_side|dphi=mid,O3_A_C_boundary,state_mapping,-0.6970469105056998,-0.697046910505701,-0.6251049292364843,-0.3485234552528499,-0.15969432409111958,0.7636480457232819
b6i_064,2,P23,327.0,side=B_side|dphi=high,O1_lag0_AB,state_mapping,-0.4489202258032397,-0.17139145009333692,0.09177561480536171,0.03797236316150218,0.28800028832304375,1.6070608663330626
b6i_064,2,P23,335.0,side=B_side|dphi=mid,O1_lag0_AB,state_mapping,0.8448183776927111,0.23040020648853188,-0.035866069514259025,-0.13044856072662164,-0.2056828179241411,0.8448183776927111
b6i_064,2,P23,355.0,side=B_side|dphi=mid,O1_lag0_AB,state_mapping,-0.42771139623773247,0.005832593969277671,-0.03689503220601267,0.28301645656064484,-0.03815314965008862,0.9937443093590221
b6i_064,2,P23,380.0,side=A_side|dphi=high,O2_lag5_AB,state_mapping,0.5713994191406443,0.5713994191406462,-0.045090487108381996,0.5713994191406443,0.3728872698847275,1.5301585142140055
b6i_064,2,P3,18.0,side=B_side|dphi=mid,O1_lag0_AB,state_mapping,-1.063976283202954,-0.46428056901217585,-0.5818416910371269,-0.23106556904909697,-0.14306215166650046,1.0793461204915664
b6i_064,2,P3,19.0,side=B_side|dphi=high,O1_lag0_AB,state_mapping,-0.4206417863825632,-0.4330135978291214,-0.5509336036453133,-0.4412614721268291,-0.3249294465554096,1.1476051636847089
b6i_064,2,P3,25.0,side=B_side|dphi=low,O6_phase_only,state_mapping,-1.700562444889031,-1.0027823609221063,-1.1544215713792227,-1.1949247028840106,-1.0157787935242704,0.5076766337489977
b6i_064,2,P3,40.0,side=B_side|dphi=low,O6_phase_only,state_mapping,1.4906164640385333,-0.4007162193349592,-0.49114010737083763,0.05778867360406881,-0.22717358661691267,1.4906164640385333
b6i_064,2,P3,69.0,side=A_side|dphi=mid,O3_A_C_boundary,state_mapping,0.8660279797192028,0.8660279797192054,0.7319538970648916,0.9041044583560428,0.2509995285370036,1.4810832646579326
b6i_064,2,P3,86.0,side=A_side|dphi=high,O2_lag5_AB,state_mapping,0.7928166940576441,0.7928166940576467,0.048981054919899625,0.808095701287463,0.5291589595240305,1.3034683639600788
b6i_064,2,P3,89.0,side=A_side|dphi=high,O2_lag5_AB,state_mapping,0.03571246369629015,0.03571246369629024,0.41283745333932786,-0.12079494963792578,0.3313189889890966,1.3729711873597117
b6i_064,2,P3,92.0,side=A_side|dphi=high,O2_lag5_AB,state_mapping,0.07856742013183872,0.0785674201318386,0.6322056176505705,-0.28281365000172204,0.39921331014098066,1.2462353854495845
b6i_064,2,P3,121.0,side=B_side|dphi=low,O6_phase_only,state_mapping,1.6375786506338819,0.396211441867197,0.6598890976926874,0.7180473848807808,1.0217783633069377,1.6375786506338819
b6i_064,2,P3,132.0,side=B_side|dphi=low,O6_phase_only,state_mapping,0.20294778148881457,-0.1410749595385632,0.24900477813612895,-0.031081294040013932,0.35332222016628556,1.5856333881152884
b6i_064,2,P3,164.0,side=B_side|dphi=mid,O1_lag0_AB,state_mapping,-1.6012666321958078,-1.508444957731015,-0.9844655413969658,-1.45846405609613,-0.21085157842337743,1.4889003796504217
b6i_064,2,P3,196.0,side=A_side|dphi=low,O3_A_C_boundary,state_mapping,,,-0.7049282963122965,-1.2042914232239859,-0.9923502013035796,-0.243901540003335
b6i_064,2,P3,237.0,side=B_side|dphi=low,O6_phase_only,state_mapping,0.6928217368066422,-0.3257146083172614,-0.47570690703782453,-0.01944144160168143,-0.6663844740035141,0.6928217368066422
b6i_064,2,P3,265.0,side=B_side|dphi=low,O6_phase_only,state_mapping,1.6305804512721986,-0.35953252773139455,-0.29795858582591217,0.20907118055534646,-0.20721016124375238,1.6305804512721986
b6i_064,2,P3,276.0,side=B_side|dphi=mid,O1_lag0_AB,state_mapping,1.389178336540734,0.5385350446242883,0.7818280284466781,0.1382323190165481,0.8249758595315798,1.6718398581227094
b6i_064,2,P3,321.0,side=B_side|dphi=low,O6_phase_only,state_mapping,-0.8607785214870404,-0.24711605973265727,-0.5090398461099042,-0.4286218582797279,-0.3460464129936422,1.2414613480752799
b6i_064,2,P3,352.0,side=B_side|dphi=high,O1_lag0_AB,state_mapping,-1.5659185829199622,-1.4899345451556183,-0.77148118438519,-1.4197954333731575,-0.2660426946742431,1.1617448508428327
b6i_064,2,P3,372.0,side=B_side|dphi=high,O1_lag0_AB,state_mapping,-1.2548557492925205,-1.0793562493626327,-0.6793839322601447,-0.903856749432749,-0.6547989394461553,1.4570685188086432
b6i_064,2,P3,379.0,side=A_side|dphi=high,O2_lag5_AB,state_mapping,0.33569715874512857,0.33569715874512773,0.9308503593590444,0.016398827287779222,0.6511112033621668,1.5164313139337784
b6i_064,2,P3,386.0,side=A_side|dphi=high,O2_lag5_AB,state_mapping,0.32141217326661253,0.321412173266614,-0.2398186559631953,0.8752929450615172,0.24848670540434584,1.429173716856422
b6i_064,2,P3,402.0,side=B_side|dphi=high,O1_lag0_AB,state_mapping,0.8024007185616961,0.7056591701906715,0.48120835526088795,0.6601337356631285,0.4184534176731622,0.8024007185616961
b6i_064,2,P3,416.0,side=missing|dphi=low,O1_lag0_AB,global_fallback,,,,,,
b6i_064,2,P6,19.0,side=A_side|dphi=mid,O3_A_C_boundary,state_mapping,,,0.46384196957285573,1.0130216089472353,0.47007651339342366,1.0130216089472353
b6i_064,2,P6,59.0,side=A_side|dphi=high,O2_lag5_AB,state_mapping,0.01428498547851606,0.014284985478516083,-0.14383063994023876,0.20552033701932854,0.404101288102971,1.626442791179966
b6i_064,2,P6,66.0,side=A_side|dphi=high,O2_lag5_AB,state_mapping,-1.035661447192418,-1.035661447192417,-0.43144901312246714,0.038907097447859806,0.007255452830187301,1.6940352188653673
b6i_064,2,P6,86.0,side=A_side|dphi=low,O3_A_C_boundary,state_mapping,0.4604734136067956,0.46047341360679556,0.7232455850097961,0.7579997128633209,0.8181339873633938,1.392641672974968
b6i_064,2,P6,96.0,side=B_side|dphi=high,O1_lag0_AB,state_mapping,0.9791409649409243,0.9035234453768907,0.7747091582866402,0.8464786499163082,0.9077283020028372,1.459317842259653
b6i_064,2,P6,134.0,side=B_side|dphi=low,O6_phase_only,state_mapping,-0.9517551131889227,-0.6850919570941508,-0.32375564953128194,-0.7639641581926033,-0.4505036928486524,0.6801488035843493
b6i_064,2,P6,166.0,side=B_side|dphi=mid,O1_lag0_AB,state_mapping,0.738774229865174,0.1496268794547502,0.4912452976341424,-0.21146343208712315,-0.30057405773143964,1.4997069892698391
b6i_064,2,P6,195.0,side=A_side|dphi=high,O2_lag5_AB,state_mapping,-1.2499362293701597,-1.2499362293701552,-0.5952062276423038,-1.4590082987012902,-0.8184012950581212,0.3289153699991128
b6i_064,2,P6,202.0,side=A_side|dphi=mid,O3_A_C_boundary,state_mapping,,,-1.0597408612900183,0.43921216611698294,-0.4086924574752857,0.43921216611698294
b6i_064,2,P6,297.0,side=B_side|dphi=high,O1_lag0_AB,state_mapping,-1.4315959956717488,-0.7223140121227594,-0.8349726464483914,-0.2294231421988881,-0.45252238086320346,1.2499937284744225
b6i_064,2,P6,305.0,side=B_side|dphi=mid,O1_lag0_AB,state_mapping,-1.120533162044307,-0.9179729455664223,-0.7503209985967209,-0.7772107612343345,-0.8713895850378232,-0.004224526730337578
b6i_064,2,P6,318.0,side=A_side|dphi=low,O3_A_C_boundary,state_mapping,-0.6463525897416489,-0.6463525897416502,-0.015651168279399615,-0.30546612688223646,-0.050090325681941786,0.8785266069287408
b6i_064,2,P6,334.0,side=B_side|dphi=low,O6_phase_only,state_mapping,0.9097659170188234,-0.32595008623202626,-0.2270467301052134,0.03954337951822534,0.33544202217535973,1.3318046327418194
b6i_064,2,P6,375.0,side=A_side|dphi=low,O3_A_C_boundary,state_mapping,0.3844319324607192,0.38443193246071894,1.360043328114658,0.5853816955770138,0.8122055079260402,1.7075606442507143
b6i_064,2,P6,397.0,side=B_side|dphi=high,O1_lag0_AB,state_mapping,1.6154058519061463,1.3205575900135063,1.3025609350791998,1.0981281994629282,1.3108227616714667,1.6789239253181447
b6i_064,2,P9,15.0,side=B_side|dphi=high,O1_lag0_AB,state_mapping,-1.714380389878514,-1.56273992441617,-0.7957043091277516,-1.4170461438739173,-0.6096238275163076,1.4828088823484888
b6i_064,2,P9,46.0,side=A_side|dphi=mid,O3_A_C_boundary,state_mapping,,,-0.0036006168629807707,1.551410715800311,0.1983304600675343,1.551410715800311
b6i_064,2,P9,84.0,side=B_side|dphi=mid,O1_lag0_AB,state_mapping,0.6751477411686518,0.1640012149523977,0.44416331776305434,-0.16279738377602676,0.32744519586940557,1.516605096191189
b6i_064,2,P9,104.0,side=B_side|dphi=high,O1_lag0_AB,state_mapping,-0.8377487678375419,-0.43486349086786347,-0.06992951763794714,-0.1879338049832236,0.24497763428260394,0.8855083994294013
b6i_064,2,P9,111.0,side=A_side|dphi=mid,O3_A_C_boundary,state_mapping,0.5534130016742224,0.5534130016742194,0.46330621496562585,0.8363478092764927,0.6011406997681492,1.119282616878763
b6i_064,2,P9,145.0,side=B_side|dphi=low,O6_phase_only,state_mapping,1.0287353061674387,0.8249881078389951,0.3682800074654109,0.8766851581611372,0.14462389413755633,1.428498547851611
b6i_064,2,P9,156.0,side=B_side|dphi=mid,O1_lag0_AB,state_mapping,0.3145976385550262,-0.12808685523326835,-0.23468147977318646,-0.462041824231455,-0.24001057971926398,0.5525572412439463
b6i_064,2,P9,214.0,side=B_side|dphi=high,O1_lag0_AB,state_mapping,0.8872360368237256,0.8554843719186244,0.6216886869401209,0.8425153820278084,0.3192165435431755,0.8872360368237256
b6i_064,2,P9,229.0,side=B_side|dphi=mid,O1_lag0_AB,state_mapping,1.445735215382087,0.9651342173509889,0.4449782285407504,0.4009504370536137,0.11221781012212274,1.445735215382087
b6i_064,2,P9,254.0,side=A_side|dphi=low,O3_A_C_boundary,state_mapping,0.20700180978654134,0.2070018097865406,0.38305960333212263,0.5604232389988416,0.480810210849414,1.595589454463782
b6i_064,2,P9,264.0,side=B_side|dphi=mid,O1_lag0_AB,state_mapping,1.33969106755455,1.073757509244562,1.081785577780452,0.9427753088829219,1.1183912297704282,1.6009991861683575
b6i_064,2,P9,299.0,side=B_side|dphi=mid,O1_lag0_AB,state_mapping,-0.010604414782753821,-0.31095302774123657,0.043648663845364005,-0.5196698604750962,0.2417599908184035,1.385643591416063
b6i_064,2,P9,330.0,side=B_side|dphi=high,O1_lag0_AB,state_mapping,-0.3075280286998572,0.23611423873867068,-0.09785026741653896,0.5985424170310214,-0.15690033323691288,1.5046128627619
b6i_064,2,P9,346.0,side=B_side|dphi=mid,O1_lag0_AB,state_mapping,1.3114126281338734,1.3999385863830636,1.184262055650822,1.4849929384264025,1.2420935674154283,1.6585732487189315
b6i_064,2,P9,355.0,side=B_side|dphi=mid,O1_lag0_AB,state_mapping,-0.625660472182468,-0.3950278412126015,-0.6422644876711289,-0.2708410399211344,-0.46005866792838973,0.5802018671417117
b6i_064,2,P9,378.0,side=B_side|dphi=high,O1_lag0_AB,state_mapping,0.9155144762444021,0.7681248869705637,0.7054204814496414,0.6921969167385901,0.5594877605990183,1.278506200327192
b6i_064,2,P9,398.0,side=B_side|dphi=high,O1_lag0_AB,state_mapping,1.6861019504578372,0.6179146284439327,0.8871435245808859,0.11523824161385998,0.8695424105427326,1.6861019504578372
b6i_064,3,P1,42.0,side=B_side|dphi=low,O6_phase_only,state_mapping,1.2176866889328866,0.9020448207937971,0.23065242273677963,0.7731206774693785,0.04437388406181778,1.2176866889328866
b6i_064,3,P1,53.0,side=A_side|dphi=high,O3_A_C_boundary,state_mapping,0.6548016432023238,0.6548016432023218,0.22839566735107952,0.5576330054528061,-0.07068086648072901,1.1756974927627868
b6i_064,3,P1,66.0,side=A_side|dphi=mid,O3_A_C_boundary,state_mapping,-0.5618620551348973,-0.5618620551348962,-0.3884110587753809,-0.21717442280853172,-0.35418615260342606,0.7285342594043218
b6i_064,3,P1,85.0,side=B_side|dphi=high,O2_lag5_AB,state_mapping,0.7213917666650638,0.21495585251552707,0.027509609385751938,0.27321839131149117,0.2149155606880941,0.7380509045258538
b6i_064,3,P1,86.0,side=B_side|dphi=high,O2_lag5_AB,state_mapping,0.485689506269548,-0.3575877686387362,-0.26907789998183146,-0.2540274015447372,-0.023651074009610928,0.7295185241267107
b6i_064,3,P1,102.0,side=B_side|dphi=low,O6_phase_only,state_mapping,1.5815930557404156,0.5986988094528042,-0.25226475966004,0.30510702160066006,-0.17817259042623168,1.5815930557404156
b6i_064,3,P1,114.0,side=B_side|dphi=low,O6_phase_only,state_mapping,1.3506524768048682,0.42192141624983504,0.37434761562514607,0.39319777520174093,-0.4091310877386655,1.3506524768048682
b6i_064,3,P1,135.0,side=B_side|dphi=low,O6_phase_only,state_mapping,1.2456794863796194,1.0102012834200311,0.025186005481641408,0.9549656555653092,-0.008999384568866352,1.2456794863796194
b6i_064,3,P1,145.0,side=B_side|dphi=low,O6_phase_only,state_mapping,1.48361826467685,0.860177898388591,-0.055731288674572894,0.6739554513154735,-0.3072924618494514,1.48361826467685
b6i_064,3,P1,155.0,side=B_side|dphi=mid,O1_lag0_AB,state_mapping,1.7002411701681757,1.7002411701681708,0.7521651656180222,1.2404769883448716,0.8510653001686949,1.7002411701681757
b6i_064,3,P1,164.0,side=B_side|dphi=mid,O1_lag0_AB,state_mapping,-1.0710458930581233,-1.0710458930581206,-0.2596524304227735,-0.9130807791911314,-0.32852113354509865,0.7278127336150586
b6i_064,3,P1,169.0,side=B_side|dphi=high,O2_lag5_AB,state_mapping,-0.8856690996679988,0.19741195810646936,-0.17171592265370114,0.04004120612214529,-0.3232452921062016,0.9657515119122894
b6i_064,3,P1,192.0,side=B_side|dphi=mid,O1_lag0_AB,state_mapping,-1.332621457699381,-1.332621457699383,-0.49303318219330783,-0.5660552591597623,-0.2179049360225239,0.31878302379458456
b6i_064,3,P1,218.0,side=B_side|dphi=mid,O1_lag0_AB,state_mapping,1.4315959956717486,1.4315959956717483,-0.128205494925648,1.4315959956717486,0.027620768755203733,1.4315959956717486
b6i_064,3,P1,255.0,side=B_side|dphi=high,O2_lag5_AB,state_mapping,1.135656345542031,1.396202492090277,0.69288449220086,1.3376301025561737,0.24345575313148538,1.539603859570316
b6i_064,3,P1,258.0,side=A_side|dphi=high,O3_A_C_boundary,state_mapping,-0.4604734136067956,-0.46047341360679556,-0.2550911227238927,-0.5100573610230887,-0.5224787258461967,0.5549643736307768
b6i_064,3,P1,265.0,side=A_side|dphi=high,O3_A_C_boundary,state_mapping,-0.823782712415827,-0.8237827124158259,-0.07710686078004898,-0.5039842297485713,-0.20758077152224313,0.9797479106356559
b6i_064,3,P1,271.0,side=B_side|dphi=high,O2_lag5_AB,state_mapping,0.9785215052783536,1.4175091206284882,0.35877838361242304,1.332543775722009,0.33247282502589104,1.6865660461656646
b6i_064,3,P1,281.0,side=B_side|dphi=mid,O1_lag0_AB,state_mapping,0.9367233058099097,0.9367233058099125,-0.42331887492130754,-0.23342663492454202,-0.6293129452364598,0.9367233058099097
b6i_064,3,P1,300.0,side=B_side|dphi=high,O2_lag5_AB,state_mapping,-0.9356665488428052,-0.9030610241340252,-0.21799925935995698,-0.9087198342074476,-0.09146638914388992,0.9437929156650786
b6i_064,3,P1,302.0,side=B_side|dphi=high,O2_lag5_AB,state_mapping,-1.2070812729346114,-0.5077652161541789,-0.2914007700009061,-0.638531633275722,-0.2525090209907984,0.7124537633284251
b6i_064,3,P1,317.0,side=B_side|dphi=low,O6_phase_only,state_mapping,1.2106884895712033,0.18133340064357395,0.4181987383097901,-0.04462259448688144,0.13075354801918487,1.575748470415915
b6i_064,3,P1,330.0,side=A_side|dphi=mid,O3_A_C_boundary,state_mapping,-0.012673580191012734,-0.012673580191012772,-0.6111752426103219,0.3372404688831012,-0.02020058381754445,1.6424832268349925
b6i_064,3,P1,347.0,side=B_side|dphi=low,O6_phase_only,state_mapping,0.8187893253169408,0.576808193374549,-0.08107047450723119,0.5272457928562283,-0.14363360947413514,0.8187893253169408
b6i_064,3,P1,362.0,side=B_side|dphi=low,O6_phase_only,state_mapping,-1.070724502337538,-0.5067240923138643,-0.22581528835578332,-0.3567999326873177,0.2698730964241568,1.6168860856375638
b6i_064,3,P1,381.0,side=B_side|dphi=low,O6_phase_only,state_mapping,-0.3359135693607963,-0.41404487498095444,-0.5943516443202034,-0.4429427551418333,-0.3858578069413173,0.31996426496785557
b6i_064,3,P1,394.0,side=B_side|dphi=mid,O1_lag0_AB,state_mapping,-1.6790323406026684,-1.6790323406026664,-0.8852377294587886,-1.6790323406026684,-0.10090703303557068,1.5372425814094406
b6i_064,3,P19,12.0,side=B_side|dphi=low,O6_phase_only,state_mapping,1.2946668819114022,1.234818251615456,-0.0544906705373221,1.2258753528356037,-0.06992852898292509,1.2946668819114022
b6i_064,3,P19,21.0,side=B_side|dphi=mid,O1_lag0_AB,state_mapping,0.3499456878308719,0.34994568783087276,0.1531613067943285,0.26669593320622126,0.3376697166807432,1.0785164036279664
b6i_064,3,P19,41.0,side=B_side|dphi=low,O6_phase_only,state_mapping,-0.2799279744673303,0.14997216176591932,-0.7274041563025714,0.3171555480788503,-0.8955346193040739,0.914239070625031
b6i_064,3,P19,75.0,side=B_side|dphi=low,O6_phase_only,state_mapping,0.90276771765714,0.38818252979018225,-0.003774990239400145,0.2513940621293445,0.0008799504122668966,0.90276771765714
b6i_064,3,P19,86.0,side=B_side|dphi=low,O6_phase_only,state_mapping,1.5116110621235834,0.6124004911612753,-0.10457443316575162,0.24511730020484068,-0.17872840649524144,1.5116110621235834
b6i_064,3,P19,95.0,side=B_side|dphi=mid,O1_lag0_AB,state_mapping,0.3640849075412103,0.3640849075412116,-0.5213286000641819,-0.11445776509960784,-0.5046544325873318,0.3640849075412103
b6i_064,3,P19,124.0,side=B_side|dphi=low,O6_phase_only,state_mapping,-1.560598457655366,-1.5977355029285816,-0.9475626716426803,-1.6088283865816175,-0.9419968303778199,0.3796909277618554
b6i_064,3,P19,147.0,side=A_side|dphi=low,O3_A_C_boundary,state_mapping,0.4097790928427447,0.40977909284274444,0.19093485073577968,0.7220264516881427,0.4831978056152311,1.264221214848676
b6i_064,3,P19,165.0,side=B_side|dphi=mid,O1_lag0_AB,state_mapping,1.5517793632096242,1.55177936320962,0.0731125794311447,0.7353608747088837,-0.30346484101151416,1.5517793632096242
b6i_064,3,P19,190.0,side=A_side|dphi=mid,O3_A_C_boundary,state_mapping,-0.6801488035843495,-0.6801488035843484,-0.7080119859477673,-0.7403241983342642,-0.4988290080186616,0.5802018671417117
b6i_064,3,P19,213.0,side=B_side|dphi=low,O6_phase_only,state_mapping,1.2526776857413027,0.7683395287727279,0.3000039077038934,0.7084775093721191,0.36359846142935753,1.3955612375007362
b6i_064,3,P19,249.0,side=B_side|dphi=low,O6_phase_only,state_mapping,1.3996398723366512,0.7278123580090137,-0.30750067969456435,0.4534039366639227,-0.4792642147409787,1.3996398723366512
b6i_064,3,P19,259.0,side=B_side|dphi=low,O6_phase_only,state_mapping,1.7215570429740807,0.5986003237742309,0.0550934683531989,0.30009284145528303,-0.19577980379422885,1.7215570429740807
b6i_064,3,P19,279.0,side=A_side|dphi=high,O3_A_C_boundary,state_mapping,,,-0.3019745724342276,1.1759551544422449,0.23212491983798675,1.1759551544422449
b6i_064,3,P19,330.0,side=A_side|dphi=low,O3_A_C_boundary,state_mapping,-1.0350090489327057,-1.0350090489327017,0.11785600466576913,-0.7371106075248445,-0.25738086777903385,1.6025876538254655
b6i_064,3,P19,344.0,side=A_side|dphi=high,O3_A_C_boundary,state_mapping,-1.5166050961911892,-1.5166050961911943,-0.7668010742575612,-1.3994106292824813,-0.28198908229226755,1.5144975208478502
b6i_064,3,P19,351.0,side=B_side|dphi=high,O2_lag5_AB,state_mapping,0.37855211518067716,1.1266361608640774,0.464169783064379,1.0290599809923293,0.46999378992939134,1.6795678468039814
b6i_064,3,P19,360.0,side=B_side|dphi=mid,O1_lag0_AB,state_mapping,1.5235009237889472,1.5235009237889527,-0.22186186033315344,0.9729268767732582,-0.007933778021243575,1.5235009237889472
b6i_064,3,P19,384.0,side=A_side|dphi=mid,O3_A_C_boundary,state_mapping,1.6855861654046922,1.6855861654046875,0.2656594957512633,1.4201445591303157,0.22652476995333032,1.6855861654046922
b6i_064,3,P19,398.0,side=A_side|dphi=mid,O3_A_C_boundary,state_mapping,,,0.32156079515223446,1.6080832533637928,0.6797871861210373,1.6080832533637928
b6i_064,3,P2,41.0,side=B_side|dphi=mid,O1_lag0_AB,state_mapping,-1.3608998971200574,-1.360899897120056,-0.5189202794154602,-0.6271225710653862,-0.5153422762335933,0.16475654248316554
b6i_064,3,P2,67.0,side=B_side|dphi=mid,O1_lag0_AB,state_mapping,-0.8801664269685567,-0.8801664269685534,-0.3363609866296333,-0.2545039398029222,-0.3407761411259304,1.1407064959543707
b6i_064,3,P2,85.0,side=B_side|dphi=high,O2_lag5_AB,state_mapping,1.1785113019775793,0.5656280590546827,0.3204798767119697,0.680232242690672,0.4306988871799294,1.2680480279829025
b6i_064,3,P2,106.0,side=A_side|dphi=high,O3_A_C_boundary,state_mapping,-0.19855275632586597,-0.19855275632586655,-0.3791289686524248,-0.7722627617292781,-0.7383189374514187,1.435641040590869
b6i_064,3,P2,113.0,side=A_side|dphi=high,O3_A_C_boundary,state_mapping,-1.4659107754271383,-1.465910775427139,0.09234112016778552,-1.2996807633483862,0.26687574824079535,1.5142084607227078
b6i_064,3,P2,129.0,side=B_side|dphi=low,O6_phase_only,state_mapping,0.7768001291468414,0.11855451623739337,-0.19304690596542987,-0.1008606880657561,-0.13054382833884381,0.7768001291468414
b6i_064,3,P2,146.0,side=B_side|dphi=low,O6_phase_only,state_mapping,-1.147704695316054,-0.08421642988110045,0.15128353147050969,0.00826081059150463,-0.17320645281970587,1.3560730804383614
b6i_064,3,P2,173.0,side=B_side|dphi=high,O2_lag5_AB,state_mapping,0.1714198257421935,-0.11718231713988617,-0.8363297353638212,-0.0752486724476181,-0.541890163214092,1.3950441952598505
b6i_064,3,P2,177.0,side=B_side|dphi=low,O6_phase_only,state_mapping,1.5675966570170494,0.6808363944902073,-0.29958654433560244,0.4159599524367348,-0.3092190710866779,1.5675966570170494
b6i_064,3,P2,187.0,side=B_side|dphi=low,O6_phase_only,state_mapping,1.3086632806347687,0.49208990272528524,-0.4064739304047722,0.19006961226561075,-0.6124474049866084,1.3086632806347687
b6i_064,3,P2,198.0,side=B_side|dphi=low,O6_phase_only,state_mapping,-1.427632669783384,-0.01982143461299129,-0.08535175803677265,0.0861428519052102,0.14460712299778605,1.5999183735938045
b6i_064,3,P2,219.0,side=B_side|dphi=mid,O1_lag0_AB,state_mapping,1.1488116014649834,1.1488116014649845,-0.48467155335830253,0.384560336851564,-0.520196709727971,1.1488116014649834
b6i_064,3,P2,234.0,side=B_side|dphi=high,O2_lag5_AB,state_mapping,1.414213562373095,1.0485611809053819,0.34460007828511635,1.1095032444833346,0.4082153838974613,1.414213562373095
b6i_064,3,P2,261.0,side=B_side|dphi=high,O2_lag5_AB,state_mapping,0.2714147240918063,-0.10110593379638301,0.3091240594604777,-0.06724041944291131,0.5116106750654201,1.5093617040786091
b6i_064,3,P2,286.0,side=B_side|dphi=low,O6_phase_only,state_mapping,-1.4346308691450673,-1.3804201225542039,-0.753496507166809,-1.3708535202146457,-0.696587569467039,-0.07181695441573883
b6i_064,3,P2,306.0,side=B_side|dphi=mid,O1_lag0_AB,state_mapping,-0.957932135375417,-0.9579321353754154,-0.3132104744042538,-0.957932135375417,0.3383038421464104,1.6364195221455333
b6i_064,3,P2,347.0,side=A_side|dphi=low,O3_A_C_boundary,state_mapping,0.46892246706747076,0.4689224670674716,-0.4106551932559062,0.7657662731913761,0.12604703830281305,1.0626100793152815
b6i_064,3,P2,365.0,side=B_side|dphi=mid,O1_lag0_AB,state_mapping,-0.6822173510238211,-0.6822173510238214,-0.676083610292294,-0.8509184043606941,-0.8870146469871193,-0.11406222171911441
b6i_064,3,P2,384.0,side=B_side|dphi=low,O6_phase_only,state_mapping,-0.986746109997339,-0.7291835265921585,-0.7457684486822896,-0.6647928807408628,-0.7038582303331907,-0.24794235184023242
b6i_064,3,P2,399.0,side=B_side|dphi=high,O2_lag5_AB,state_mapping,-1.4927809825049336,-1.3582473781709816,-0.6490830635963593,-1.3797275334848016,-0.8522138386029503,0.40650256667222484
b6i_064,3,P2,417.0,side=missing|dphi=high,O3_A_C_boundary,global_fallback,,,,,,
b6i_064,3,P25,23.0,side=B_side|dphi=high,O2_lag5_AB,state_mapping,0.7642467231006119,-0.6625382672655621,-0.5084324731170252,-0.37718126919232725,-0.30782230737961763,1.4245263858165793
b6i_064,3,P25,27.0,side=B_side|dphi=low,O6_phase_only,state_mapping,-0.13996398723366504,0.18863612617952377,-0.2735055036080883,0.26571516512829607,-0.08753012192216049,1.1390727832855663
b6i_064,3,P25,40.0,side=B_side|dphi=mid,O1_lag0_AB,state_mapping,-0.7529134495755123,-0.752913449575515,0.13024560087951667,-0.08635579121690029,0.3221080974781454,0.9776012729700588
b6i_064,3,P25,57.0,side=A_side|dphi=mid,O3_A_C_boundary,state_mapping,0.8322317658765022,0.832231765876504,0.5546733788792915,0.16463149750030104,0.011387438751420296,1.5784908953760304
b6i_064,3,P25,87.0,side=A_side|dphi=low,O3_A_C_boundary,state_mapping,,,-0.22404261501177278,1.0696941465107166,0.18271614136300066,1.0696941465107166
b6i_064,3,P25,89.0,side=A_side|dphi=mid,O3_A_C_boundary,state_mapping,,,-0.9792594375666812,-1.3176364983509492,-1.0696363332798098,-0.13785739217579815
b6i_064,3,P25,165.0,side=B_side|dphi=low,O6_phase_only,state_mapping,-1.2176866889328866,-0.47540858132382974,0.29262968929574806,-0.24100496839465335,0.48830212408885265,1.2326276920057264
b6i_064,3,P25,190.0,side=A_side|dphi=high,O3_A_C_boundary,state_mapping,-1.3053787596743105,-1.3053787596743114,-0.19002394117499322,-1.077733411563268,-0.035165096860671735,0.7551156653241393
b6i_064,3,P25,208.0,side=A_side|dphi=high,O3_A_C_boundary,state_mapping,0.6970469105056997,0.697046910505701,0.6225063214394285,0.9542112004625602,0.5986328356797678,1.6095858531871488
b6i_064,3,P25,219.0,side=A_side|dphi=mid,O3_A_C_boundary,state_mapping,0.7054959639663748,0.7054959639663733,0.6827932662022308,0.8202964168819113,0.5109201817893348,0.9350968697974478
b6i_064,3,P25,227.0,side=B_side|dphi=high,O2_lag5_AB,state_mapping,-1.3927860841553208,0.17895184286430582,0.5159773315663211,-0.014068604313542954,-0.23373274287031975,1.3983183477417371
b6i_064,3,P25,240.0,side=A_side|dphi=high,O3_A_C_boundary,state_mapping,-0.8491298727978525,-0.8491298727978487,-0.4324479380755681,-0.5308259443304545,0.13897767990976734,1.6851451288307062
b6i_064,3,P25,274.0,side=B_side|dphi=low,O6_phase_only,state_mapping,-1.1547028946777373,-1.2475791493373496,-0.8941522727282228,-1.266601996677271,-0.7676533004512568,0.2346404609764275
b6i_064,3,P25,289.0,side=B_side|dphi=high,O2_lag5_AB,state_mapping,0.17856231848145152,-0.10193634277334038,0.2826010910858775,-0.06118012703546426,0.5435235214183239,1.4026453046961718
b6i_064,3,P25,332.0,side=B_side|dphi=mid,O1_lag0_AB,state_mapping,0.5196163243549311,0.519616324354929,0.6956309894036247,1.0255893030005334,0.674641350214178,1.5315622816461358
b6i_064,3,P25,346.0,side=A_side|dphi=low,O3_A_C_boundary,state_mapping,1.677137111944017,1.6771371119440182,0.7114632558063879,1.461966469170307,0.7351906709912918,1.677137111944017
b6i_064,3,P25,360.0,side=A_side|dphi=low,O3_A_C_boundary,state_mapping,,,-0.04276944024566612,1.6435035893409689,0.5767582218722227,1.6435035893409689
b6i_064,3,P25,404.0,side=B_side|dphi=high,O2_lag5_AB,state_mapping,,-0.2449369776589137,-0.2416949586546147,-0.24493697765891398,-0.2417606752560533,-0.23683193014816578
b6i_064,3,P4,46.0,side=A_side|dphi=high,O3_A_C_boundary,state_mapping,-0.8406808193371773,-0.8406808193371762,-0.06487879167751935,-0.5195173504046816,-0.07870015047428257,0.9650017452305862
b6i_064,3,P4,75.0,side=B_side|dphi=high,O2_lag5_AB,state_mapping,-0.44997704257325744,0.3420016254323744,0.7186559344884036,0.25088903530783263,0.6889279920839201,1.5376401434992857
b6i_064,3,P4,111.0,side=A_side|dphi=high,O3_A_C_boundary,state_mapping,0.3421866651573434,0.34218666515734275,-0.2642181128411263,-0.40980017744701563,-0.7523446787111296,0.3421866651573434
b6i_064,3,P4,137.0,side=A_side|dphi=mid,O3_A_C_boundary,state_mapping,-0.16475654248316535,-0.164756542483165,-0.4320742797407556,-0.7872429571873862,-0.8451541259705236,0.499974491748064
b6i_064,3,P4,143.0,side=A_side|dphi=low,O3_A_C_boundary,state_mapping,-0.5111677343708466,-0.5111677343708447,0.1894628537883293,-0.16349099364476566,0.18704113610754106,1.0569066733477848
b6i_064,3,P4,162.0,side=B_side|dphi=mid,O1_lag0_AB,state_mapping,0.7882614988513578,0.7882614988513584,0.4701061538403581,0.5327819309117495,0.5684956592626162,1.2893002295692082
b6i_064,3,P4,191.0,side=B_side|dphi=low,O6_phase_only,state_mapping,-0.2659315757439637,0.08203262588880458,0.09863790083810513,0.22415884909092101,0.2857888330848164,0.8075836602796139
b6i_064,3,P4,215.0,side=A_side|dphi=low,O3_A_C_boundary,state_mapping,-1.558850363494565,-1.5588503634945696,-0.3132320598855611,-1.44886953171591,-0.6879347059558372,1.1896938914861535
b6i_064,3,P4,227.0,side=B_side|dphi=low,O6_phase_only,state_mapping,0.657830739998226,0.6028202192367486,-0.00289094486891095,0.5824738622427741,0.01851543943389637,0.9084448663892333
b6i_064,3,P4,239.0,side=B_side|dphi=low,O6_phase_only,state_mapping,1.0217371068057552,0.28163060098188025,0.2619009712508608,0.09660397452591041,-0.44328347221649955,1.2377863319889093
b6i_064,3,P4,255.0,side=A_side|dphi=mid,O3_A_C_boundary,state_mapping,-0.9927637816293301,-0.9927637816293283,-0.4065144574733757,-0.6911937386891334,-0.49677885613139394,1.7213407501611915
b6i_064,3,P4,263.0,side=A_side|dphi=high,O3_A_C_boundary,state_mapping,0.8575789262585276,0.8575789262585264,0.7423454081685109,1.0982338130978913,0.9031940416429984,1.4669440449475943
b6i_064,3,P4,267.0,side=B_side|dphi=high,O2_lag5_AB,state_mapping,0.8071016795361601,-0.07078423534545396,0.4154218406765436,0.0991291675348584,0.46812976089706526,1.2538798935920323
b6i_064,3,P4,290.0,side=B_side|dphi=mid,O1_lag0_AB,state_mapping,-0.8660272072582184,-0.8660272072582152,-0.1308075495712702,-0.8788304794843216,-0.3043126834608173,1.371647074889918
b6i_064,3,P4,304.0,side=A_side|dphi=mid,O3_A_C_boundary,state_mapping,1.4574617219664634,1.457461721966466,-0.016323972185661107,0.7854033985467134,-0.22241956900265564,1.4574617219664634
b6i_064,3,P4,329.0,side=A_side|dphi=high,O3_A_C_boundary,state_mapping,0.823782712415827,0.8237827124158259,0.6975859939333964,1.0707096053833878,0.7644515756802506,1.5213509534619658
b6i_064,3,P4,355.0,side=B_side|dphi=high,O2_lag5_AB,state_mapping,-0.8713841141894828,0.19387895272147404,-0.21320080360613738,-0.012300995712904383,-0.04910592377150389,1.3523822932641367
b6i_064,3,P4,369.0,side=A_side|dphi=low,O3_A_C_boundary,state_mapping,0.4435753066854453,0.4435753066854458,0.1843259941210035,0.5547388115281775,0.14799405987227182,1.4766200653151669
b6i_064,3,P4,381.0,side=B_side|dphi=mid,O1_lag0_AB,state_mapping,0.13785739217579815,0.13785739217579873,-0.8717901170708748,0.13785739217579815,-0.4698943966956015,0.29753082220827864
b6i_064,4,P12,18.0,side=B_side|dphi=low,O6_phase_only,state_mapping,-1.343654277443185,-1.3436542774431837,-0.5490279042644168,-1.343654277443185,-0.5882648630275732,0.1661358315964746
b6i_064,4,P12,59.0,side=B_side|dphi=high,O1_lag0_AB,state_mapping,0.6963565707341591,1.0678601059876531,0.6379333438807122,1.0008676652042348,0.7933823372624051,1.702209889628992
b6i_064,4,P12,92.0,side=B_side|dphi=mid,O4_B_C_boundary,state_mapping,1.0622813596932807,0.4003705382670436,0.8434787414143454,0.524142480484957,0.9961979044123814,1.664200808247127
b6i_064,4,P12,118.0,side=B_side|dphi=high,O1_lag0_AB,state_mapping,0.6256604721824678,-0.40971465215446384,-0.39746546008453765,-0.23002144875714442,-0.2115555520361375,0.7488073317001082
b6i_064,4,P12,125.0,side=A_side|dphi=high,O3_A_C_boundary,state_mapping,,1.0003497945064326,0.8347889900417474,1.000349794506432,1.225592677459267,1.7001761269044504
b6i_064,4,P12,175.0,side=A_side|dphi=mid,O3_A_C_boundary,state_mapping,-0.984314728168655,-0.6854381086247879,-0.19532255012089925,-0.4409026926343512,-0.16020442678702843,0.5878487463813934
b6i_064,4,P12,188.0,side=A_side|dphi=low,O3_A_C_boundary,state_mapping,0.3252885582359931,0.6247830047319354,0.3731262788917961,0.8006765685470105,0.5609554591379285,1.3713586059375469
b6i_064,4,P12,212.0,side=A_side|dphi=mid,O3_A_C_boundary,state_mapping,-1.339174973517011,-1.4103974440640332,-0.9351165589206153,-1.4454771683633176,-0.8733920720301712,0.9867461099973388
b6i_064,4,P12,225.0,side=B_side|dphi=high,O1_lag0_AB,state_mapping,0.2933888089895189,1.0791095782800086,0.5532950584979306,0.8627516852869783,0.02708429445733225,1.4321145615844377
b6i_064,4,P12,231.0,side=A_side|dphi=mid,O3_A_C_boundary,state_mapping,,-1.1346723817546454,-0.8126668654805874,-1.1346723817546454,-0.7214681182635403,-0.15584947829957477
b6i_064,4,P12,353.0,side=A_side|dphi=mid,O3_A_C_boundary,state_mapping,,-0.9367233058099107,-0.3040608834502941,-0.9367233058099097,-0.390442357993882,0.39889736361594547
b6i_064,4,P12,395.0,side=B_side|dphi=low,O6_phase_only,state_mapping,1.448627267868434,1.4486272678684322,0.45735975525720485,1.448627267868434,1.0074049992690266,1.7143442612953208
b6i_064,4,P13,9.0,side=B_side|dphi=low,O6_phase_only,state_mapping,-1.5466020589319995,-1.5514584463313184,0.09829074466572524,-1.551880740887782,-0.5342308558779496,1.078115502913292
b6i_064,4,P13,10.0,side=B_side|dphi=low,O6_phase_only,state_mapping,-0.6788253380832757,-1.0339860157582172,0.2779506341837662,-1.096661429465563,-0.3301517977124362,1.0286282339271084
b6i_064,4,P13,39.0,side=A_side|dphi=low,O3_A_C_boundary,state_mapping,1.5672994169552399,1.0170073168330043,0.3363775486433168,0.8879264538413645,-0.1535903952375126,1.5672994169552399
b6i_064,4,P13,41.0,side=B_side|dphi=low,O6_phase_only,state_mapping,-0.7558055310617917,-1.0995413651454162,0.1594800638014325,-1.1650148573518209,-0.3389229186576141,1.5504013100338896
b6i_064,4,P13,47.0,side=A_side|dphi=mid,O3_A_C_boundary,state_mapping,1.4236655081237626,0.7898185069191141,0.2055459500331531,0.5050466657981842,-0.08888546825124184,1.4236655081237626
b6i_064,4,P13,72.0,side=A_side|dphi=low,O3_A_C_boundary,state_mapping,-0.22389991670789144,-0.30368902249044,-0.40351541466897317,-0.3505492909659038,-0.5254009916841421,-0.22389991670789144
b6i_064,4,P13,102.0,side=B_side|dphi=high,O1_lag0_AB,state_mapping,-0.6397996918928062,-0.8447999414100634,-0.1056632623360858,-0.807832683300393,0.3481294320754065,1.2926556304701369
b6i_064,4,P13,111.0,side=B_side|dphi=low,O6_phase_only,state_mapping,0.9307605151038728,0.2780323167285216,0.46673677520442786,0.13475051708515218,-0.09528782214637803,0.9307605151038728
b6i_064,4,P13,121.0,side=A_side|dphi=high,O3_A_C_boundary,state_mapping,-1.2039901181462087,-0.20834206288597557,-0.12607558394547275,0.08905930426967812,0.24395660263794267,1.5284934462012238
b6i_064,4,P13,149.0,side=B_side|dphi=high,O1_lag0_AB,state_mapping,-1.6154058519061463,-1.6154058519061463,-1.4899963584371199,-1.6154058519061463,-0.7612554445766777,0.6800704507617802
b6i_064,4,P13,188.0,side=B_side|dphi=high,O1_lag0_AB,state_mapping,1.2336469197270128,1.4742214890272396,0.6532011625229024,1.4215958019928143,-0.4094695489100767,1.6095446842586156
b6i_064,4,P13,201.0,side=A_side|dphi=high,O3_A_C_boundary,state_mapping,-0.5280658412921969,-0.6104981494604477,-0.5592401585101129,-0.6228156207959318,-0.864047877400707,-0.34291176872247964
b6i_064,4,P13,205.0,side=A_side|dphi=mid,O3_A_C_boundary,state_mapping,-0.6041073224382731,-0.8603227299034196,-0.977127903803589,-0.9754339999239962,-1.2292212829431517,-0.6041073224382731
b6i_064,4,P13,230.0,side=A_side|dphi=low,O3_A_C_boundary,state_mapping,-0.49426962744949626,-0.6256651025494689,-0.5533659032305831,-0.7331704912676258,-0.6858834522056366,1.5400946620452785
b6i_064,4,P13,233.0,side=A_side|dphi=low,O3_A_C_boundary,state_mapping,-0.5027186809101714,-0.7475796409138141,-0.21780390929490256,-0.8681828003185923,0.002566660470379014,1.4377060972555646
b6i_064,4,P13,242.0,side=B_side|dphi=mid,O4_B_C_boundary,state_mapping,-0.20904331977899906,-0.32149966413128594,-0.40223817999188294,-0.3004712420166307,-0.4233081027785288,0.4771986652239162
b6i_064,4,P13,263.0,side=B_side|dphi=high,O1_lag0_AB,state_mapping,1.544709753354455,0.10509882496067069,-0.3934042818510831,0.41115784123336485,0.024502998237142127,1.544709753354455
b6i_064,4,P13,280.0,side=A_side|dphi=low,O3_A_C_boundary,state_mapping,1.0096618885506805,0.004880295441032365,0.22605654324046112,-0.2463151028363797,-0.33164113868121226,1.0096618885506805
b6i_064,4,P13,308.0,side=A_side|dphi=mid,O3_A_C_boundary,state_mapping,,-0.37822412725154897,-0.039948376224648405,-0.3782241272515485,0.11338305153269859,0.9067606010157069
b6i_064,4,P13,349.0,side=B_side|dphi=mid,O4_B_C_boundary,state_mapping,-0.46501473175328367,-1.269714663275293,0.09184584227387876,-1.0792894886403157,0.12144478595657686,1.3222768665956608
b6i_064,4,P13,366.0,side=A_side|dphi=high,O3_A_C_boundary,state_mapping,1.2293372785282342,1.0708085763164832,0.1759193201815915,1.040612633038057,-0.24389092646540864,1.2293372785282342
b6i_064,4,P13,382.0,side=A_side|dphi=low,O3_A_C_boundary,state_mapping,,-1.1558812113201513,-1.3707939364150457,-1.1558812113201526,-0.8854498445268083,0.09209287354065746
b6i_064,4,P20,24.0,side=B_side|dphi=high,O1_lag0_AB,state_mapping,0.7529134495755121,0.7529134495755107,-0.14074948281995087,0.7529134495755121,0.4656787196902992,1.5655788501911814
b6i_064,4,P20,73.0,side=B_side|dphi=mid,O4_B_C_boundary,state_mapping,-1.0878785008907095,-1.2888698574784414,-0.9238347028557921,-1.2367609872519971,-0.669085987194777,0.5214019699658381
b6i_064,4,P20,98.0,side=B_side|dphi=high,O1_lag0_AB,state_mapping,-1.1770900408856602,-1.0090795447212357,-0.5971623428880661,-1.0426816439541193,-0.32485660772811664,0.28583474337128434
b6i_064,4,P20,123.0,side=B_side|dphi=low,O6_phase_only,state_mapping,1.5326056602086329,1.5392545338364867,0.3247857844093017,1.5406163513265272,0.049358693247814785,1.5486270424444215
b6i_064,4,P20,133.0,side=A_side|dphi=low,O3_A_C_boundary,state_mapping,0.5027186809101714,-0.2501578689565889,-0.2694820002338758,-0.47504307216354247,-0.6183515176864965,0.5027186809101714
b6i_064,4,P20,150.0,side=B_side|dphi=low,O6_phase_only,state_mapping,1.6445768499955649,1.3428667316259537,0.09789934421681737,1.2766376812521374,0.5225347270588765,1.7070557646826754
b6i_064,4,P20,162.0,side=B_side|dphi=low,O6_phase_only,state_mapping,1.5745948563787326,1.3218881274693484,0.575112988871665,1.2587114452420072,0.7383490855056258,1.5745948563787326
b6i_064,4,P20,172.0,side=B_side|dphi=high,O1_lag0_AB,state_mapping,1.240716529582182,0.5467516398792498,0.3608669311395613,0.6942874825719987,0.03842211285232231,1.240716529582182
b6i_064,4,P20,194.0,side=A_side|dphi=mid,O3_A_C_boundary,state_mapping,1.280031599292285,0.8283857882928006,0.42341486056830074,0.5145302247168904,-0.1454392980197591,1.280031599292285
b6i_064,4,P20,217.0,side=A_side|dphi=low,O3_A_C_boundary,state_mapping,1.0857033696967564,0.8628474083265135,0.3907053920508168,0.7319637484741524,0.5055261964542628,1.2356512438916434
b6i_064,4,P20,234.0,side=B_side|dphi=low,O6_phase_only,state_mapping,0.16795678468039807,-0.6373713557314408,0.30616770469073995,-0.7073998896802974,-0.04870056463944494,0.9508625255202477
b6i_064,4,P20,260.0,side=A_side|dphi=mid,O3_A_C_boundary,state_mapping,1.1532957973821576,0.17588222636277148,-0.052209785038270284,-0.2840771011757628,-0.45173664146216025,1.3865118148607078
b6i_064,4,P20,292.0,side=A_side|dphi=high,O3_A_C_boundary,state_mapping,0.5618620551348975,-0.07052420794391072,0.19702065782788974,-0.3288228224408886,0.14008399468612187,1.0196194576975666
b6i_064,4,P20,322.0,side=B_side|dphi=mid,O4_B_C_boundary,state_mapping,0.3626261669635698,-0.6527442604464632,-0.854681597231548,-0.4835158558781244,-0.4630944580378245,0.5571144336621283
b6i_064,4,P20,338.0,side=B_side|dphi=high,O1_lag0_AB,state_mapping,-0.5973820327617915,0.2811217515028245,0.21002148801342393,0.0836286527146547,-0.21218630519216383,1.3296578787198186
b6i_064,4,P20,347.0,side=A_side|dphi=mid,O3_A_C_boundary,state_mapping,0.773088391651776,1.1170436301091278,0.9205098079121123,1.250804000620314,1.0945798210900504,1.7285196095888522
b6i_064,4,P20,359.0,side=A_side|dphi=low,O3_A_C_boundary,state_mapping,,1.601266632195807,0.3621061134190226,1.6012666321958078,0.4207038393239719,1.6012666321958078
b6i_064,4,P20,396.0,side=A_side|dphi=mid,O3_A_C_boundary,state_mapping,1.6517899515619916,1.3075304290621668,0.885744097095492,1.1988168956411673,0.8728223274060254,1.6517899515619916
b6i_064,4,P20,401.0,side=A_side|dphi=low,O3_A_C_boundary,state_mapping,1.5841975238765902,1.369173156599056,0.6379001276138131,1.2533908049880806,0.6152447978885951,1.6930920597090153
b6i_064,4,P20,415.0,side=missing|dphi=mid,O4_B_C_boundary,global_fallback,,,,,,
b6i_064,4,P22,36.0,side=B_side|dphi=high,O1_lag0_AB,state_mapping,-0.7458438397203433,-0.3017413207093328,-0.3063823195422256,-0.3961568168770283,-0.6744041192962201,1.104943261688995
b6i_064,4,P22,54.0,side=A_side|dphi=mid,O3_A_C_boundary,state_mapping,-0.12251127517978957,0.36622296788364667,0.41766458144720797,0.4884065286495051,-0.06101011428005565,1.7285552423357642
b6i_064,4,P22,64.0,side=A_side|dphi=low,O3_A_C_boundary,state_mapping,-0.6294544828202986,-0.5145041627855051,-0.6183157579029852,-0.4578868409773241,-0.8589328070474187,-0.06399285299357116
b6i_064,4,P22,84.0,side=B_side|dphi=mid,O4_B_C_boundary,state_mapping,-0.8660366105129961,0.3035520108529064,0.2479360494378615,0.08484844750806292,0.28067765538003725,1.035733505529122
b6i_064,4,P22,117.0,side=B_side|dphi=low,O6_phase_only,state_mapping,1.616584052548832,0.9484609142470073,0.45682108365885943,0.8573532135694871,0.5486055971887329,1.616584052548832
b6i_064,4,P22,127.0,side=B_side|dphi=mid,O4_B_C_boundary,state_mapping,-1.395044195259851,-0.5003425964271773,-0.14560854144476787,-0.6170428049705681,-0.02296351051753536,1.3499311277197727
b6i_064,4,P22,142.0,side=A_side|dphi=high,O3_A_C_boundary,state_mapping,-0.8660279797192028,-0.10056573705016497,0.22780770412550616,0.3888281558038099,0.6285271419002029,1.710742270028135
b6i_064,4,P22,148.0,side=B_side|dphi=low,O6_phase_only,state_mapping,1.126710097231004,0.168705512488406,-0.1333302600149533,-0.027512294025138218,-0.316924642765541,1.126710097231004
b6i_064,4,P22,160.0,side=A_side|dphi=low,O3_A_C_boundary,state_mapping,1.1026014766181067,1.163572231251941,0.7946019266330282,1.1964026375932364,0.8767825594980491,1.3743090359144308
b6i_064,4,P22,179.0,side=B_side|dphi=high,O1_lag0_AB,state_mapping,1.4174567759614105,1.4174567759614116,0.7261402628464847,1.4174567759614105,1.139728929989393,1.7214283284907563
b6i_064,4,P22,215.0,side=B_side|dphi=high,O1_lag0_AB,state_mapping,0.43478100609290127,-0.10151465673123374,0.05816880133910282,0.012500956625078274,0.4028512529199563,1.4416290685067508
b6i_064,4,P22,232.0,side=A_side|dphi=low,O3_A_C_boundary,state_mapping,0.2154508632472161,0.29822127568671253,0.08906439528434698,0.34278995930798156,0.10846962582436674,0.9209287354065773
b6i_064,4,P22,253.0,side=B_side|dphi=low,O6_phase_only,state_mapping,-1.532605660208633,-0.8713990355315145,-0.74189106182404,-0.7812344958028165,-0.4871004854389083,0.5337555440652691
b6i_064,4,P22,273.0,side=B_side|dphi=mid,O4_B_C_boundary,state_mapping,,-1.322659679358137,-0.6581502079953997,-1.3226596793581353,0.17479340387052963,1.5726629173866165
b6i_064,4,P22,352.0,side=B_side|dphi=mid,O4_B_C_boundary,state_mapping,,-0.11896938914861542,0.042248532067488444,-0.11896938914861534,-0.15657316063947033,0.18734466116198187
b6i_064,4,P22,411.0,side=B_side|dphi=high,O1_lag0_AB,state_mapping,,,0.5318631514879274,,0.5318631514879272,0.5318631514879274
b6i_064,4,P8,6.0,side=B_side|dphi=low,O6_phase_only,state_mapping,-1.2106884895712033,-0.7812273569895002,-0.8687791478888238,-0.7226644752738154,-0.8187993751844819,0.5691035933411148
b6i_064,4,P8,8.0,side=B_side|dphi=high,O1_lag0_AB,state_mapping,0.10957895275512128,-0.9308857091217289,-0.7388214108378877,-0.7161866519090467,-0.738088855517232,0.29436712377042695
b6i_064,4,P8,24.0,side=A_side|dphi=high,O3_A_C_boundary,state_mapping,-1.5504013100338898,-0.5751154056373173,-0.05678659114836071,-0.0947507064569163,0.0448347862150881,1.7145588436123975
b6i_064,4,P8,34.0,side=B_side|dphi=low,O6_phase_only,state_mapping,-0.3079207719140633,-0.39492745596734863,-0.7122057587986558,-0.4035325126319591,-0.5415290927900948,-0.09209287354065784
b6i_064,4,P8,50.0,side=B_side|dphi=low,O6_phase_only,state_mapping,0.34990996808416275,0.34990996808416247,-0.3793573013192268,0.34990996808416275,0.44141152523383487,1.579746984582052
b6i_064,4,P8,91.0,side=B_side|dphi=mid,O4_B_C_boundary,state_mapping,-0.8148423281181392,0.21102594782434111,-0.039252504571132635,0.012470797641925768,0.1372440069117154,0.8397839234019907
b6i_064,4,P8,99.0,side=B_side|dphi=low,O6_phase_only,state_mapping,1.4696218659534834,0.0843970307586006,0.19143301911853466,0.04155502554638768,0.06154189473307282,1.4696218659534834
b6i_064,4,P8,109.0,side=A_side|dphi=low,O3_A_C_boundary,state_mapping,-1.56729941695524,-0.6485428465581855,0.18554743304140633,-0.03603846629348473,0.4465992586746437,1.6284883445508367
b6i_064,4,P8,119.0,side=B_side|dphi=mid,O4_B_C_boundary,state_mapping,-1.4462384776547077,-1.0904358805583567,-0.5974273324172454,-1.1395121008475075,-0.3623889230131971,1.6790323406026684
b6i_064,4,P8,152.0,side=B_side|dphi=high,O1_lag0_AB,state_mapping,1.403317556251072,1.4033175562510718,0.5894160432120527,1.403317556251072,0.9636037762053754,1.6576717237318392
b6i_064,4,P8,214.0,side=A_side|dphi=mid,O3_A_C_boundary,state_mapping,0.9420694608652791,0.6209691946324588,0.1631076566847237,0.5081501821722776,-0.2977157296544543,0.9420694608652791
b6i_064,4,P8,220.0,side=A_side|dphi=mid,O3_A_C_boundary,state_mapping,0.7308431243484003,0.39735732599645956,0.16168004335604394,0.2611448168104555,0.05020906252393483,0.7308431243484003
b6i_064,4,P8,238.0,side=B_side|dphi=low,O6_phase_only,state_mapping,-1.644576849995565,-0.3987363253516268,-0.7575105498621336,-0.005313001779857829,-0.41090856324465547,1.6339508464358494
b6i_064,4,P8,272.0,side=B_side|dphi=high,O1_lag0_AB,state_mapping,-0.08837012318961422,0.6792590949021597,0.85998065555414,0.5113402034445839,1.0861708413921367,1.6999132719434173
b6i_064,4,P8,306.0,side=B_side|dphi=mid,O4_B_C_boundary,state_mapping,-0.9940223165001383,0.06987937107878818,-0.45050062049433937,0.059345691003749645,-0.2734986611764828,1.1127136985076376
b6i_064,4,P8,332.0,side=B_side|dphi=high,O1_lag0_AB,state_mapping,0.053022073913768335,0.9290130688520596,0.3650311478788684,0.7594664246704534,-0.5262109590097698,1.4659107754271385
b6i_064,4,P8,354.0,side=B_side|dphi=high,O1_lag0_AB,state_mapping,-1.2407165295821823,0.441704832181731,0.16480723910789466,0.05345374869775199,-0.2896665997519192,1.3476240269776862
b6i_064,4,P8,382.0,side=A_side|dphi=high,O3_A_C_boundary,state_mapping,,-0.0671612936241068,-0.33369233785286867,-0.06716129362410676,0.30955136158091334,1.452233775064218
